,eid,target
18,4754980,0
63,3990434,0
93,4341307,0
98,2189918,0
115,1384041,0
130,2668919,0
131,4731399,0
136,5176915,0
152,2546801,0
162,4074087,0
172,5610428,0
217,4291108,0
228,1087841,0
229,2400159,0
307,2651683,0
311,3021843,0
347,3741116,0
348,2300870,0
354,5300315,0
359,3131032,0
365,5054628,0
407,3848034,0
409,3814179,0
414,4041516,0
428,3244213,0
437,2153925,0
455,5275213,0
470,4247282,0
472,3005969,0
481,5415675,0
488,2666156,0
499,1157575,0
502,3787794,0
547,1721346,0
562,4125910,0
616,4772707,0
619,2629558,0
641,4329061,0
658,3593711,0
692,3706865,0
695,3468606,0
696,1526262,0
736,2315761,0
748,1532705,0
752,3762664,0
762,1696778,0
764,2238033,0
766,2412934,0
785,2802052,0
815,3586593,0
852,2883116,0
859,1245115,0
892,3993670,0
893,3857759,0
911,2994186,0
915,4054334,0
943,1656085,0
952,5985181,0
958,1099911,0
1007,1414086,0
1009,5495249,0
1012,2771587,0
1015,3615764,0
1033,5176828,0
1045,4968900,0
1049,3132679,0
1053,2319445,0
1077,3274237,0
1089,2935906,0
1160,1443994,0
1169,1931859,0
1172,5665291,0
1233,3387357,0
1249,3133140,0
1255,4065319,0
1256,5083386,0
1257,2979692,0
1289,2262386,0
1303,2024396,0
1323,2455237,0
1327,3631850,0
1391,2839824,0
1392,5273096,0
1396,3230080,0
1421,4893226,0
1424,3554949,0
1434,3245699,0
1459,2997509,0
1473,4757559,0
1527,5817242,0
1562,3422921,0
1567,2337129,0
1568,1204343,0
1586,2857922,0
1591,3406342,0
1608,5040694,0
1610,1642615,0
1614,5402929,0
1661,3000943,0
1664,2126187,0
1670,4813723,0
1677,1105902,0
1680,1597744,0
1703,3568703,0
1710,4791134,0
1714,1531582,0
1719,2862531,0
1736,5982403,0
1738,1074343,0
1746,1147345,0
1756,4876864,0
1794,1415390,0
1814,2493650,0
1827,4754967,0
1829,5311017,0
1834,4970356,0
1851,5878402,0
1889,3993806,0
1902,5777327,0
1932,4001565,0
1939,3217604,0
1952,2849301,0
1956,4316676,0
1957,3242897,0
1960,5518821,0
1964,1557857,0
2003,2491764,0
2005,5297670,0
2022,5707160,0
2032,4515198,0
2040,3007761,0
2046,1116102,0
2072,1890549,0
2083,4289226,0
2092,2108908,0
2093,3812074,0
2094,2741817,0
2100,5690254,0
2120,4093597,0
2124,4228535,0
2158,4949280,0
2180,3158026,0
2264,3470907,0
2285,4998479,0
2320,2819599,0
2339,2626149,0
2349,2602360,0
2407,2445167,0
2432,4227412,0
2435,5016603,0
2454,4726414,0
2457,3936533,0
2477,1809227,0
2492,2641186,0
2496,4353558,0
2507,4446354,0
2514,2808437,0
2545,3423380,0
2546,1157587,0
2574,3263749,0
2575,6022830,0
2582,4980425,0
2618,5460419,0
2678,3048068,0
2722,3525342,0
2744,3724642,0
2766,3021545,0
2777,5710389,0
2788,5775969,0
2823,3462021,0
2834,4659937,0
2848,4931705,0
2856,3813425,0
2861,4132111,0
2864,3188307,0
2869,4223933,0
2878,3949278,0
2888,4427336,0
2936,5539591,0
2953,4349268,0
2966,1029688,0
2982,4828779,0
2984,4542184,0
2989,2839044,0
2991,3369268,0
3044,5995991,0
3052,5839161,0
3065,5912305,0
3084,4653984,0
3085,2576647,0
3106,5546285,0
3107,4932582,0
3130,2467042,0
3164,3674601,0
3171,5203097,0
3176,1559356,0
3204,3336094,0
3243,5451511,0
3244,5921488,0
3246,1553277,0
3258,1369885,0
3261,2440362,0
3279,1922394,0
3316,3013836,0
3342,4374376,0
3365,5244730,0
3372,4485274,0
3385,2043970,0
3391,4551092,0
3394,2669687,0
3401,4343383,0
3415,3316188,0
3416,2447781,0
3417,5363675,0
3422,5117318,0
3436,2900470,0
3447,2682038,0
3452,4922691,0
3461,2623117,0
3483,3313621,0
3496,2503426,0
3499,3079737,0
3518,2660559,0
3521,2312234,0
3523,4424579,0
3535,2856421,0
3560,4983138,0
3574,3411080,0
3595,5999423,0
3601,3296039,0
3605,2055612,0
3642,2494921,0
3651,4175499,0
3656,3814416,0
3669,3345678,0
3678,1453707,0
3692,4774846,0
3704,1466154,0
3708,1795431,0
3713,3682872,0
3716,4571529,0
3773,3065620,0
3793,3960736,0
3794,5785587,0
956,5809754,0
2301,2802011,0
2734,5165708,0
2808,1482078,0
2979,5350822,0
3540,4985209,0
3792,3264067,0
5216,5005408,0
6675,5427186,0
6754,1053232,0
7894,2549629,0
10890,2049437,0
13151,5280393,0
13177,2942884,0
14629,4222786,0
15453,1468621,0
16383,4763416,0
17431,2651505,0
18087,4793558,0
18943,3049072,0
18981,4471870,0
19056,3611822,0
19162,3865660,0
20093,1980014,0
20642,4565549,0
21076,1404310,0
21090,1330329,0
21277,2620552,0
22016,1436518,0
22232,4886218,0
23965,2917687,0
26309,1069565,0
26908,3369077,0
28175,3373986,0
28221,1151788,0
28797,3033980,0
30262,4514055,0
30475,3666103,0
31755,5932569,0
35108,3814123,0
35942,5420634,0
37859,1723820,0
37871,2831626,0
39668,1151952,0
40694,1271198,0
41460,5954856,0
42029,5448299,0
42420,3968788,0
42667,4463120,0
43775,4930383,0
44348,5059342,0
45669,5325151,0
46311,5807234,0
46421,5357709,0
47994,4340602,0
48107,5152720,0
48140,5631108,0
50187,3926854,0
51078,1713607,0
53425,1817544,0
54567,2891800,0
54900,2482290,0
54997,2190769,0
56454,4413681,0
57272,3036799,0
57684,3706481,0
57839,4318518,0
57954,2195909,0
58591,2944560,0
60317,4805359,0
60634,2026260,0
60968,1999169,0
61048,3129147,0
61073,3193527,0
61111,3773524,0
61789,5894494,0
62216,1208530,0
63519,4227252,0
64924,2813805,0
65522,5074686,0
66057,5486788,0
66460,3533083,0
68174,4840805,0
68857,3016311,0
69347,5919888,0
69445,1697934,0
69558,3168754,0
70073,5918959,0
70416,2484568,0
70591,2447790,0
70806,3519903,0
71151,4815131,0
71230,4013162,0
72025,5576087,0
74579,4633336,0
74921,5718140,0
75423,2159932,0
75614,5838171,0
75993,2823968,0
77284,5180643,0
79477,3969370,0
79708,5210681,0
80079,4624699,0
80444,1037932,0
80996,5135034,0
81160,5594114,0
82834,2024584,0
83347,3847670,0
84894,4510476,0
86135,5308014,0
86669,2665820,0
88196,5396036,0
88537,1749738,0
89283,2842232,0
89298,4141262,0
89490,1960437,0
90349,2419817,0
91129,5814990,0
91193,1253682,0
93160,1781068,0
93741,1582739,0
94032,2492431,0
94058,1340850,0
94477,1952181,0
94910,3895005,0
95324,1753644,0
95468,4400318,0
96676,5740475,0
97267,3848570,0
98651,1228403,0
99376,5718691,0
100464,2109546,0
100529,1955233,0
101296,4234913,0
101662,1714413,0
102636,4611790,0
103306,3447076,0
104668,2016936,0
105373,4703533,0
105779,2089812,0
106051,5606609,0
107084,1258297,0
108177,2985735,0
108226,4054578,0
108402,4229055,0
109444,5644244,0
110761,2044295,0
111511,3269146,0
111633,2152994,0
111908,3111631,0
112012,4294294,0
112137,2234100,0
113012,5753685,0
113771,2449761,0
114783,1617537,0
115763,2655268,0
118095,5883336,0
118355,4048361,0
118855,1543649,0
118979,3520151,0
119064,5521204,0
119499,4253446,0
120668,5674706,0
121705,2755205,0
121730,2433053,0
122228,2678130,0
122299,3502121,0
122508,1257721,0
122808,1316881,0
123063,6007555,0
123644,1275310,0
125025,5990725,0
125109,1164291,0
126217,2961089,0
127304,5085336,0
127490,1103136,0
128005,4197177,0
128599,2911074,0
128686,5102692,0
129952,3682921,0
130399,3821516,0
130543,3282857,0
131090,2265949,0
131644,3082256,0
132296,5841717,0
134071,1895095,0
134075,4796024,0
134388,2565642,0
135221,1907170,0
135900,5184518,0
136119,3291746,0
137108,2472394,0
137397,4799344,0
139548,3277845,0
140308,1824932,0
140742,3925742,0
141055,2365075,0
141169,2095024,0
141542,2267138,0
141577,3552127,0
141685,4702257,0
141799,5650714,0
143332,3810199,0
144277,1257942,0
145710,2712068,0
145951,1112067,0
146253,1474632,0
146924,1214477,0
148242,4447022,0
148452,2720039,0
148920,2444403,0
149277,5561048,0
150229,2949939,0
150641,4970199,0
151082,5225881,0
154456,1228853,0
154933,2345063,0
156262,4458417,0
156544,4009858,0
156685,5450273,0
156893,3974923,0
157302,4064590,0
157699,1484912,0
159288,5226315,0
159326,5425071,0
160304,2057890,0
160451,4629033,0
160818,4593447,0
161465,5623168,0
161614,1053551,0
162734,5837229,0
164810,5086205,0
165047,4557375,0
166251,5418775,0
167441,6008732,0
167566,1232033,0
167657,4804127,0
168630,3368443,0
168815,1761186,0
170116,2332144,0
170744,2621830,0
171106,5294772,0
172988,1893912,0
174318,5348990,0
174850,4124561,0
175035,4019880,0
175193,3299147,0
178916,3565484,0
181496,6000955,0
182742,4333899,0
183655,5085277,0
184143,4567647,0
184147,1301239,0
184593,5843278,0
185443,1757439,0
185485,4247360,0
185980,4086508,0
186596,4332380,0
187133,3984950,0
187979,5294038,0
188300,1896572,0
188750,5593666,0
188834,3462407,0
189416,2565213,0
190412,4865565,0
190745,5706130,0
191033,4146450,0
191259,3062750,0
194834,3984159,0
195448,1588768,0
195687,3785133,0
196268,3304468,0
196283,1421978,0
196359,5335245,0
197095,5148442,0
197155,4791548,0
197955,5443591,0
200016,2073764,0
202668,2792916,0
203099,5149549,0
206088,4769046,0
206418,2051638,0
206981,2099895,0
207333,2893236,0
207888,2836727,0
207980,4537484,0
208018,1877402,0
208615,2994089,0
211903,5013148,0
212228,2856275,0
213198,4995658,0
213391,5301357,0
213827,2249480,0
214382,1789381,0
215251,4428783,0
215558,4271308,0
216231,2878759,0
216703,2716510,0
217359,4290693,0
217550,1173929,0
219420,3398823,0
220034,3212957,0
221274,1432347,0
223468,5487577,0
224808,4351865,0
225049,2239067,0
225652,5189525,0
225835,5406003,0
226406,1128606,0
226901,5301025,0
227355,1361152,0
227614,3738248,0
227662,4289291,0
227836,3879543,0
228748,2726210,0
229186,2998379,0
229656,4770747,0
231032,3423731,0
231103,5822842,0
231215,2665868,0
231359,4186753,0
231749,4319132,0
231750,1314687,0
231977,4717465,0
232994,4504097,0
233185,5874881,0
233589,3244965,0
233658,1069382,0
236084,3751035,0
236199,2924996,0
236954,4011746,0
238476,2761908,0
238538,5809778,0
238926,2513821,0
239177,4919433,0
241284,1723871,0
241993,5226195,0
242258,3049263,0
244258,3526387,0
244557,1737472,0
245431,5304126,0
246264,1714561,0
246409,5125658,0
247026,2074238,0
249700,3722495,0
250531,3542081,0
250639,4608764,0
251166,3065556,0
252120,1622357,0
252416,4028479,0
252751,4136082,0
253068,4119972,0
254305,5908674,0
254674,5369000,0
254911,4975078,0
256168,3465483,0
256367,2002319,0
257550,2405317,0
257790,5586207,0
259459,3714005,0
260022,1852601,0
260749,2321072,0
260799,5382908,0
261899,5527917,0
264393,4350535,0
264668,4256323,0
265967,3701013,0
266693,5283673,0
267318,5988694,0
267371,2003553,0
268350,3253978,0
268439,3130680,0
268562,3895659,0
269147,4523962,0
269565,2920589,0
269602,2039435,0
271275,1719819,0
272678,1234134,0
273604,2618204,0
274247,4312377,0
275681,4630310,0
275780,3774626,0
276820,3138771,0
278079,2514316,0
278305,4147014,0
278519,6007910,0
279661,4351910,0
279870,4122583,0
280174,1136134,0
281414,3304055,0
283237,3307309,0
285304,2437871,0
285427,2905782,0
285736,2816848,0
286655,1914493,0
287065,2674252,0
288150,5196968,0
289931,5799069,0
290191,3202044,0
290374,4200665,0
290450,5008600,0
290507,3050063,0
290586,1180562,0
291454,5300297,0
292982,4751416,0
294204,1791124,0
295004,4644376,0
295350,2850354,0
295925,1521166,0
296774,2477879,0
297754,3046759,0
298061,5421001,0
298174,1219802,0
298449,4753479,0
298735,1731206,0
299674,2051957,0
301328,4012088,0
301632,1188062,0
301858,5504319,0
302160,2453052,0
303361,5231513,0
303995,4112143,0
304132,2475562,0
304309,3825702,0
304471,2849563,0
305462,1124117,0
305504,1084366,0
306395,2933050,0
306549,5375330,0
306654,2159111,0
306931,5045091,0
308428,4634861,0
309080,4313240,0
309330,3181861,0
309498,1760349,0
310116,3126524,0
310190,1558052,0
312045,2779501,0
312264,3587998,0
313166,1664749,0
313446,5141415,0
314120,1562364,0
315834,4385363,0
316966,1222650,0
318276,1700728,0
318592,4318897,0
320064,5762527,0
321125,4409722,0
321907,2386262,0
322434,4735159,0
322812,1234176,0
323021,1172110,0
323063,2628371,0
323263,3376004,0
323285,5862563,0
325222,1066773,0
325668,1329854,0
325879,3275176,0
327904,5989074,0
329336,1652205,0
329584,2459514,0
330252,4683428,0
331056,5923232,0
331493,2169310,0
331801,1523752,0
333245,2486382,0
333975,1712369,0
335773,2521836,0
337027,1937391,0
338322,3759995,0
339238,2204330,0
339511,4078803,0
341169,2229359,0
341678,3350605,0
342898,3950619,0
343389,1232692,0
345486,1808320,0
345996,4501444,0
346237,3420576,0
346999,3056932,0
347712,2009464,0
347788,3970426,0
348433,1208042,0
348451,1704788,0
349613,2150012,0
350856,5135278,0
351823,3133735,0
352351,2326004,0
354062,4289713,0
354551,5396717,0
354786,1840723,0
355131,2198461,0
355275,5028802,0
355591,3023176,0
356754,3550216,0
357070,1692083,0
357872,5510222,0
358480,3219546,0
358566,3446631,0
358777,5458824,0
359801,3298882,0
360964,3780814,0
361770,5599870,0
365261,2651081,0
365887,4423871,0
366155,4184806,0
366439,3706442,0
366574,4238866,0
366941,3223687,0
367453,4890377,0
367553,1687528,0
368717,2752730,0
370559,1025921,0
371004,3736131,0
371143,4482514,0
372239,1492449,0
372491,3518697,0
372626,3462910,0
373828,1967996,0
373854,3957147,0
374535,5930505,0
375545,2787262,0
377111,4559317,0
379117,5591461,0
380093,5560019,0
380943,5945681,0
383093,1872288,0
383261,2253161,0
383716,1977073,0
384232,1707058,0
385461,2924635,0
386107,2255793,0
386672,1528685,0
388419,5700795,0
388793,5812142,0
390078,1578757,0
391580,1073229,0
391740,2194599,0
392844,1064163,0
392903,3226643,0
393173,2286737,0
393937,4201043,0
394529,2835805,0
394928,3457562,0
396733,3071215,0
396980,2711260,0
397048,1358287,0
397416,1214551,0
397809,2687554,0
398321,2825428,0
398376,5142684,0
398560,5579831,0
399631,3908419,0
399752,3705110,0
400526,5899969,0
400654,1512289,0
400693,4186172,0
400819,2681545,0
400909,4628915,0
400993,3707923,0
401862,5362578,0
402457,1751836,0
402817,1214038,0
403126,3306440,0
405078,4611781,0
405363,4631640,0
405416,5952533,0
406051,3638308,0
406145,3879001,0
406158,3725479,0
406851,2224657,0
407112,3273224,0
408730,3221003,0
408981,5710456,0
409477,3524894,0
409488,4910201,0
410123,1230045,0
410585,1700638,0
410965,4258131,0
411012,2799525,0
411068,3128100,0
411099,1677018,0
412526,4727812,0
412808,5601740,0
413038,3583120,0
413808,2463994,0
413877,4216234,0
414174,2598432,0
414411,5726212,0
414919,5972144,0
416200,1409514,0
416363,2931597,0
416889,4146019,0
416979,3429708,0
417132,1912411,0
417523,1966037,0
418336,2488530,0
418839,1454737,0
419336,5439595,0
421121,5092243,0
421578,1220551,0
422146,5398415,0
423274,3688384,0
423456,1240266,0
424407,2694045,0
424547,1337596,0
424970,3069810,0
425188,2964298,0
425519,4813659,0
425964,3867894,0
425974,4133598,0
427714,3817614,0
427846,5763879,0
430498,5410478,0
431126,5946222,0
431354,3319125,0
432017,3759203,0
434050,5215526,0
434056,2912862,0
434453,2124802,0
435023,3848930,0
435349,5104892,0
435511,5204720,0
435603,4635207,0
436094,3202506,0
436244,5056595,0
436278,4873283,0
436585,1884714,0
437359,5245934,0
438160,2567480,0
438753,5585340,0
438776,1169079,0
440257,2634776,0
440574,1363092,0
441019,1130724,0
441553,1758461,0
442165,1837787,0
442290,3089247,0
442965,1647341,0
444565,5605498,0
445461,2912804,0
445943,1013700,0
446145,1507640,0
446463,2407072,0
446903,2012730,0
447194,3537760,0
447963,5595213,0
448017,5056711,0
448763,5564885,0
449033,2733348,0
449306,1130056,0
449631,3846466,0
449899,4831725,0
450110,1681092,0
450569,1259218,0
450730,1218930,0
451742,1452285,0
453970,3219020,0
454566,4221457,0
455401,2095420,0
455421,5914783,0
455766,2024931,0
455968,1868195,0
456792,1084010,0
457483,4445907,0
458122,4539930,0
458250,1662103,0
458882,5845688,0
459186,4277258,0
459490,2285355,0
459616,1817428,0
460958,4305632,0
461293,2919986,0
461445,4917693,0
461577,1702615,0
461693,1890137,0
461927,5462690,0
462796,1491110,0
462803,1742833,0
464241,3823872,0
464267,4891289,0
465812,3159221,0
465902,2795429,0
466759,1861759,0
468162,3169907,0
468315,1683777,0
468582,3697344,0
468611,4061060,0
468896,1265087,0
469592,4972194,0
470189,5857129,0
470890,4379825,0
471450,5936888,0
475128,4605896,0
475279,1915578,0
475670,1215416,0
475873,3053028,0
476630,1024930,0
476716,3084061,0
476934,1437432,0
477710,2551271,0
479452,3481839,0
481025,5122617,0
481079,1292247,0
481327,1047123,0
481697,5443961,0
482186,2556351,0
482970,5899354,0
483729,1001783,0
483946,2075149,0
484061,3662367,0
484684,3310796,0
485204,4794506,0
485622,3619246,0
486445,2408961,0
488028,1546854,0
488697,1700783,0
488974,2085120,0
489187,4398837,0
489791,5661152,0
490522,3665784,0
491079,1218613,0
491308,3246329,0
491633,3624412,0
491667,3013756,0
493168,2866224,0
493980,1677888,0
494028,3138422,0
494617,1964367,0
494687,3707797,0
495238,4392409,0
495322,5498345,0
496671,3263490,0
499743,3904460,0
499829,5993965,0
499985,3115484,0
501096,3734872,0
501297,1519651,0
501491,4255872,0
501686,4621841,0
61,1025738,1
974,1044919,1
2055,1055677,1
1291,1067255,1
157,1072495,1
64,1097522,1
2088,1102492,1
1353,1117612,1
321,1146097,1
145,1162102,1
451,1202644,1
722,1328378,1
679,1336221,1
655,1338136,1
1739,1340066,1
801,1345140,1
20,1350792,1
2813,1395277,1
1065,1404125,1
1729,1423963,1
1321,1424752,1
1833,1436188,1
966,1457680,1
1810,1476060,1
2278,1478693,1
2146,1494306,1
1288,1516312,1
1749,1568527,1
2266,1609289,1
939,1637230,1
2605,1657339,1
2863,1665367,1
107,1706511,1
2139,1718079,1
523,1731265,1
2803,1796260,1
2118,1801554,1
2024,1829255,1
1986,1858957,1
2117,1872446,1
1304,1895718,1
2283,1926625,1
1070,1936742,1
2335,1943774,1
1954,1954071,1
1826,1963418,1
2511,1998845,1
1734,2031987,1
2832,2064376,1
1711,2191774,1
466,2191996,1
933,2203109,1
873,2219400,1
713,2225944,1
1700,2233450,1
1767,2233800,1
479,2268137,1
215,2268893,1
282,2325762,1
2261,2335695,1
2690,2343298,1
1741,2344091,1
469,2364302,1
0,2425377,1
437,2429507,1
23,2479180,1
471,2480161,1
624,2484797,1
629,2486950,1
732,2500901,1
2294,2533918,1
1959,2551317,1
453,2586223,1
994,2591687,1
53,2595175,1
2512,2632123,1
1312,2648322,1
1568,2650506,1
1794,2666552,1
590,2684632,1
612,2693446,1
1337,2693862,1
2241,2699084,1
2870,2739978,1
2000,2745944,1
247,2748729,1
454,2763479,1
149,2817041,1
2077,2840954,1
2823,2847047,1
786,2850077,1
2549,2894270,1
2510,2908413,1
2636,2961619,1
1763,2997821,1
465,3027047,1
555,3054818,1
2792,3056879,1
1809,3070446,1
1775,3094464,1
2279,3100633,1
2698,3113221,1
936,3264433,1
439,3265844,1
688,3342350,1
1655,3348953,1
2694,3349311,1
973,3391619,1
1677,3392380,1
1511,3415657,1
2772,3457048,1
126,3462831,1
2259,3547068,1
2758,3559126,1
1712,3589799,1
1186,3669628,1
1956,3669889,1
1533,3676477,1
2752,3734622,1
2593,3781808,1
2348,3798680,1
2311,3816162,1
546,3829166,1
1474,3836870,1
161,3848874,1
1992,3867154,1
2344,3993197,1
2582,4153444,1
1460,4157944,1
1835,4181283,1
2165,4182455,1
1806,4188627,1
1774,4208130,1
1912,4242645,1
613,4246045,1
25,4256846,1
683,4270479,1
1768,4305596,1
1737,4366316,1
2255,4383421,1
109,4387781,1
1993,4427262,1
2930,4447186,1
504,4496514,1
2103,4544115,1
440,4578103,1
301,4623980,1
1793,4625498,1
1723,4641634,1
223,4683307,1
934,4690101,1
1706,4729030,1
626,4745503,1
1091,4779249,1
31,4811974,1
397,4821929,1
2136,4860039,1
482,4861030,1
642,4884169,1
2544,4908590,1
2258,4936883,1
1261,4983552,1
988,5011490,1
1842,5032712,1
1852,5068971,1
2700,5133126,1
1838,5148284,1
2907,5209790,1
2834,5219433,1
2815,5243722,1
1987,5442492,1
2634,5448810,1
2701,5470305,1
2281,5475066,1
2151,5504307,1
1840,5507566,1
10,5512282,1
2353,5543343,1
1298,5559834,1
2846,5561845,1
1919,5600407,1
309,5605075,1
2319,5617554,1
1764,5665933,1
2898,5684156,1
604,5708973,1
18,5724786,1
2740,5730994,1
2131,5737289,1
1991,5765638,1
2071,5781143,1
2025,5861502,1
1493,5903604,1
2584,5905443,1
660,5905564,1
217,5946732,1
310,5969205,1
2272,5969895,1
2513,5983540,1
380,5100710,1
394,4647495,1
482,5494714,1
561,3319119,1
610,1814566,1
774,1689096,1
831,3061918,1
927,5853484,1
1175,3675087,1
1207,3650787,1
1227,2179036,1
1356,4696791,1
1410,3527899,1
1512,4695642,1
1594,1232606,1
1630,3374375,1
1726,2917165,1
1796,4546869,1
1850,3110612,1
1906,2398253,1
1953,3414181,1
2063,2059645,1
2189,2274292,1
2236,3970193,1
2350,4388158,1
2405,1191365,1
2624,1949485,1
2630,2218429,1
2723,3459732,1
2738,1067304,1
3209,4780458,1
3498,2537143,1
3589,2942409,1
3639,1329609,1
3647,5018429,1
3653,3314661,1
3777,2359146,1
4259,1844957,1
4567,4706590,1
4711,4853317,1
4738,2003384,1
4741,4322739,1
4831,2696902,1
4884,4533656,1
4932,5687112,1
5077,2612497,1
5128,3593709,1
5196,2854359,1
5321,1355710,1
5333,5364481,1
5360,1598682,1
5695,3504147,1
5765,1365736,1
5859,3882319,1
5906,2378300,1
6116,3293515,1
6514,1075927,1
6552,4788203,1
6618,2064873,1
6767,1520943,1
6791,1328712,1
6811,1589803,1
7028,1745546,1
7343,2816904,1
7488,1303664,1
7566,4393912,1
7644,2033847,1
7821,5321552,1
7917,1480932,1
8019,2191069,1
8084,1752657,1
8584,3672453,1
8588,1580624,1
9029,2060719,1
9069,5277126,1
9154,3616538,1
9187,3461601,1
9211,2914864,1
9321,4569223,1
9655,2636880,1
9663,5314148,1
9737,3817499,1
9867,3799794,1
9887,2847827,1
9979,5294462,1
9981,1059157,1
10109,1110064,1
10127,1556466,1
10199,5135508,1
10466,2088036,1
10533,2526023,1
10588,2607628,1
10603,3288704,1
10701,5532159,1
10871,4044639,1
10965,3767596,1
10978,3744932,1
11022,4521151,1
11211,4504613,1
11270,3242632,1
11293,1652319,1
11335,1074377,1
11343,2878344,1
11816,4624368,1
11962,3455317,1
12049,3466795,1
12170,2710949,1
12244,2113300,1
12495,4914602,1
12577,3979513,1
12808,3954538,1
12824,1342774,1
12976,1485116,1
13108,4540326,1
13149,3408070,1
13324,1595511,1
13326,4999662,1
13427,1056980,1
13537,3806269,1
13842,3656363,1
13992,4233185,1
14024,2346610,1
14386,3694321,1
14827,5574343,1
14885,6001925,1
14975,1953832,1
15044,5491515,1
15206,4166872,1
15524,4632719,1
15545,4787119,1
15583,5736812,1
15742,4156906,1
16002,2657717,1
16407,3255462,1
16475,5841700,1
16513,4844091,1
16556,1462435,1
16807,2768740,1
16964,4298794,1
17051,3789718,1
17382,5013729,1
17385,3587570,1
17412,4974123,1
17628,2327198,1
17658,4342562,1
17726,3451244,1
17727,5839882,1
17911,4085681,1
18163,4816093,1
18240,3655815,1
18341,5782548,1
18349,4001353,1
18396,2774429,1
18423,1360253,1
18467,1608363,1
18533,5151861,1
18610,3167273,1
18665,3769185,1
18676,5229653,1
18780,2809375,1
18851,3434869,1
18946,4988274,1
19009,5793414,1
19014,4638333,1
19250,3370194,1
19422,2449416,1
19440,3765694,1
19561,1362787,1
19718,3907927,1
19745,2150051,1
19811,6002382,1
19838,1991012,1
19934,5395443,1
20122,1310794,1
20151,4766526,1
20173,4753034,1
20568,2610166,1
20946,4242357,1
21051,3382309,1
21206,5331519,1
21213,5942652,1
21223,3660811,1
21303,1162725,1
21469,1555192,1
21494,2443056,1
21939,3865800,1
22246,5627986,1
22390,1750104,1
22502,1635689,1
22606,3135086,1
22858,5600039,1
23046,3398284,1
23089,1183579,1
23286,1919872,1
23292,4596917,1
23341,2328960,1
23454,4949470,1
23493,2971355,1
23604,4922754,1
23802,3826360,1
23955,2406432,1
23974,1207400,1
24058,3839034,1
24062,4085105,1
24194,5921648,1
24210,1741929,1
24232,5565110,1
24308,4877139,1
24358,1569548,1
24638,5984374,1
24918,4216707,1
25079,3296840,1
25153,3251987,1
25231,2988594,1
25250,4533797,1
25258,4650965,1
25528,2458779,1
25637,4073065,1
25764,4800556,1
25844,4009339,1
25918,2822134,1
25999,4077403,1
26127,3096495,1
26514,3899441,1
26517,5600317,1
26749,4534424,1
26762,2864713,1
26798,2880953,1
26924,5598824,1
27012,3601529,1
27211,2617690,1
27392,4985622,1
27434,5924410,1
27594,4153064,1
27664,3926166,1
27905,1947431,1
27975,1465407,1
28000,2425362,1
28146,2754866,1
28222,1920885,1
28349,4154660,1
28410,5738021,1
28450,4872348,1
28776,1101050,1
29036,1550435,1
29175,2149847,1
29341,1230060,1
29437,4575205,1
29503,2167671,1
29702,1333339,1
29888,5890563,1
30019,2581744,1
30342,1446917,1
30408,1732933,1
30463,4060494,1
30546,3919803,1
30837,1487884,1
30896,2455352,1
30927,3915380,1
30934,4693567,1
30952,4742786,1
30972,5641345,1
30974,1289758,1
31018,5733962,1
31021,4219608,1
31070,2929288,1
31133,4703061,1
31243,1172360,1
31536,5979858,1
31950,3913219,1
32028,3246276,1
32046,5088649,1
32070,3166748,1
32163,3312998,1
32314,2403803,1
32330,1814881,1
32455,5479800,1
32624,3150249,1
32833,1481602,1
32929,2465911,1
33001,5342346,1
33018,4781342,1
33481,4646117,1
33575,4742425,1
33619,5165460,1
33801,4291512,1
33843,3243805,1
33962,2448692,1
34135,1460370,1
34392,3475323,1
34539,6010268,1
34645,3599488,1
34801,5470484,1
34813,2659217,1
35023,2549176,1
35041,5181843,1
35128,2229177,1
35191,5298744,1
35392,2723240,1
35475,4626995,1
35495,2150911,1
35849,2167100,1
35906,5959640,1
35935,5000172,1
35954,3661017,1
35966,1200285,1
35985,2389371,1
36539,2122928,1
36601,2442599,1
36615,3513873,1
36735,2278027,1
37217,5552425,1
37301,2388604,1
37387,5768781,1
37544,3477563,1
37777,4004926,1
37907,4607905,1
38286,2077589,1
38524,4801954,1
38571,2560604,1
38618,3703787,1
38728,5245976,1
38872,5747493,1
38993,3476521,1
39060,1159657,1
39089,5176048,1
39262,3530652,1
39564,4910093,1
39645,4698996,1
39705,2192397,1
39719,3350008,1
39777,4418833,1
39972,1171370,1
40005,1678819,1
40017,4529166,1
40520,5599911,1
40591,1635195,1
40621,3554431,1
40663,2514196,1
40768,4650017,1
40838,4410058,1
41282,4268856,1
41344,3347859,1
41595,2923587,1
41618,1170440,1
41846,2991325,1
42035,3924118,1
42058,2725781,1
42316,5007311,1
42738,1987499,1
42749,1352484,1
42830,3991279,1
42903,4236463,1
43025,2209853,1
43162,4616298,1
43746,2373848,1
43781,5969230,1
43828,5010294,1
44725,1218791,1
44867,3408534,1
44924,5179037,1
44974,2291992,1
44978,5754813,1
45005,1386043,1
45071,2325095,1
45225,3179269,1
45558,3432717,1
45621,4569686,1
45729,1756428,1
46209,2562984,1
46283,5501568,1
46434,2108099,1
46476,3422329,1
46648,1808423,1
46940,5822333,1
47051,3909331,1
47336,3663790,1
47515,4308316,1
47662,4835432,1
47875,2627438,1
47892,3935179,1
47903,1293995,1
47967,2591915,1
48050,1350285,1
48127,5736956,1
48333,1411488,1
48480,3419540,1
48504,4403683,1
48602,5378414,1
48606,2115441,1
48858,1349895,1
48946,1426133,1
49010,2239099,1
49296,5127354,1
49395,3815362,1
49442,3557587,1
49470,3629041,1
49649,2976683,1
49663,6000698,1
49817,4878682,1
49868,5769193,1
49939,3463854,1
50007,1324286,1
50052,1294432,1
50119,4355835,1
50280,4940807,1
50363,4557901,1
50373,1692465,1
50481,1845856,1
50550,3643775,1
50991,3092838,1
51059,3612545,1
51261,4474302,1
51479,1300641,1
51575,1515971,1
51754,4829506,1
51835,4360460,1
51944,4762623,1
51976,4772996,1
52058,2985001,1
52214,2905618,1
52265,3372729,1
52425,5202993,1
52464,2857057,1
52562,5072993,1
52583,5984510,1
52605,1300888,1
52658,3713275,1
52761,4455882,1
52977,3475660,1
53168,2027576,1
53169,4017887,1
53565,5866002,1
53727,4810862,1
53745,5093756,1
53772,2741340,1
53925,2670589,1
53961,4429896,1
54009,4702821,1
54229,5001231,1
54326,2863296,1
54370,3173693,1
54440,3907083,1
55126,5988773,1
55254,3036573,1
55272,1460003,1
55363,2447171,1
55517,2730651,1
55652,4801356,1
55735,2590357,1
55821,4814141,1
55862,2594664,1
55900,1701842,1
55941,2736607,1
56130,3731694,1
56221,3923303,1
56421,4704472,1
56487,1756230,1
56532,3300249,1
56636,2239274,1
56651,3983273,1
56758,4661761,1
56943,1493507,1
57083,5829560,1
57119,1146655,1
57122,1287658,1
57230,1802738,1
57247,2713225,1
57261,4227032,1
57386,5342975,1
57444,1766718,1
57691,1469582,1
57704,4172868,1
57763,2907075,1
57805,1416190,1
57844,3907553,1
57922,5822104,1
58381,2631847,1
58454,1741179,1
58506,1399151,1
58654,2424811,1
58677,5626237,1
58902,4781782,1
59018,3171236,1
59216,1874554,1
59321,5676509,1
59369,1290891,1
59407,1647725,1
59512,3195816,1
59631,5729803,1
59657,1521269,1
59770,1464785,1
59773,5541443,1
60193,3743937,1
60277,5367042,1
60543,2312394,1
60573,4778423,1
60659,5375982,1
60822,4256291,1
61038,1996291,1
61053,4777233,1
61226,3962483,1
61330,2242891,1
61377,5610476,1
61394,1446251,1
61455,4312797,1
61528,4711663,1
61641,2230559,1
61729,5270136,1
61905,5089783,1
61989,3527427,1
61999,1867990,1
62002,3424724,1
62022,5829972,1
62072,5620219,1
62194,1582397,1
62237,5825115,1
62487,5006118,1
62493,3131939,1
62598,4336436,1
62609,4916008,1
62669,1106386,1
62751,2329449,1
62878,5794545,1
62969,1083708,1
63011,4226583,1
63058,5545361,1
63059,4523091,1
63153,1080623,1
63160,4985531,1
63266,2448309,1
63277,3370182,1
63299,4184268,1
63398,2330395,1
63412,1093062,1
63548,4468202,1
63786,1711090,1
63801,5657528,1
64085,3451485,1
64228,5732426,1
64519,4979870,1
64589,2661566,1
64761,5679675,1
64793,2711228,1
64863,5049436,1
65152,1530826,1
65188,3817334,1
65246,1547794,1
65320,4333102,1
65397,4510766,1
65436,2084541,1
65500,3308719,1
65870,4685074,1
65949,3443880,1
66243,2156855,1
66265,5926877,1
66337,3389656,1
66458,2505327,1
66592,3670670,1
66637,4685007,1
66793,3860455,1
66798,2479298,1
66844,1643573,1
66934,3733411,1
67029,1185008,1
67057,4836935,1
67106,5415179,1
67186,4379235,1
67226,4752532,1
67383,4856582,1
67427,4379150,1
67456,2462665,1
67517,1709364,1
67532,2126309,1
67782,6001033,1
67870,3489178,1
67971,1469431,1
68238,1289515,1
68344,3240616,1
68349,1391405,1
68409,1778941,1
68567,1377382,1
68644,5748331,1
68731,3964082,1
68751,4456040,1
68981,3613923,1
69123,1505046,1
69404,1052039,1
69504,5383345,1
69615,2159183,1
69692,4939698,1
69834,2944936,1
69964,1580508,1
69987,3962167,1
70186,2605277,1
70428,2784297,1
70439,3815571,1
70494,3177196,1
70500,4500284,1
70749,5867217,1
71072,3360161,1
71220,2180564,1
71306,3509265,1
71322,5019839,1
71334,3856010,1
71387,1417756,1
71405,1496728,1
71415,2556691,1
71643,1976852,1
71713,3864635,1
71808,1322064,1
71913,5786804,1
71918,4168645,1
71954,2403054,1
71971,2711159,1
72047,2351358,1
72143,2779814,1
72166,1402356,1
72237,3075433,1
72245,3785353,1
72295,2795752,1
72401,1667505,1
72431,5863252,1
72450,1479934,1
72459,3246763,1
72976,1387931,1
73304,4830139,1
73409,2671183,1
73438,3374478,1
73692,1340839,1
73835,1659904,1
73872,4971240,1
73935,1102744,1
74111,5739063,1
74170,4803175,1
74204,5843667,1
74306,3907465,1
74309,2084769,1
74364,2973768,1
74452,2485028,1
74634,5288860,1
74726,3826169,1
74798,5850431,1
74835,1463783,1
74842,5422476,1
74891,1901921,1
74938,1379263,1
75142,5282595,1
75163,3229343,1
75290,2547627,1
75792,1023747,1
76231,5366868,1
76238,5369022,1
76244,4725709,1
76320,5529631,1
76324,3813727,1
76393,5396305,1
76544,1222249,1
76713,2915096,1
77115,3887965,1
77141,1796867,1
77260,1424022,1
77320,1574877,1
77513,6005717,1
77573,3534142,1
77602,2909327,1
77727,2872455,1
77752,3145835,1
77834,4153911,1
77889,2910565,1
78032,3366315,1
78116,1074213,1
78124,4989963,1
78345,4460789,1
78511,2155261,1
78542,1955145,1
78572,4927310,1
78653,5987254,1
79018,3010386,1
79068,5710268,1
79376,3128853,1
79421,2495835,1
79576,5020075,1
79698,4010799,1
79704,5420287,1
80042,4284978,1
80048,1185015,1
80205,2223559,1
80237,1605666,1
80258,3774717,1
80553,1221687,1
80643,4322126,1
80779,4866527,1
80960,1582095,1
81318,1833531,1
81366,6019990,1
81495,3018987,1
81744,5525075,1
81902,1340223,1
82081,4777039,1
82148,4340731,1
82175,5372252,1
82426,4789050,1
82731,4155114,1
82820,5757336,1
82857,4575895,1
82955,1634655,1
82962,4328400,1
83191,4289505,1
83285,1043112,1
83589,3748288,1
83847,2064360,1
83876,4584070,1
83929,5076463,1
83953,3685929,1
83971,1461063,1
83976,3076441,1
84066,4208745,1
84073,1870353,1
84151,2947022,1
84236,4080249,1
84261,4946079,1
84363,3414784,1
84603,5676303,1
84616,4075443,1
85020,5215079,1
85031,2278189,1
85032,3893687,1
85033,5169327,1
85397,5610040,1
85562,5361977,1
86272,2310214,1
86390,3263176,1
86571,3500762,1
86782,5820942,1
86909,1536597,1
86940,4985579,1
87001,4607912,1
87048,2252003,1
87082,4626586,1
87090,4887658,1
87376,4973018,1
87506,1583274,1
87760,2992219,1
87806,3714432,1
87866,4541631,1
87893,3558165,1
87930,5251674,1
88098,1303461,1
88257,2788681,1
88273,2056266,1
88367,2039759,1
88378,5631767,1
88397,3566112,1
88419,3162105,1
88492,4518308,1
88673,4148080,1
88808,4265131,1
88810,3115735,1
88814,2781407,1
88940,1753420,1
89078,4309961,1
89307,3550975,1
89662,2986186,1
89667,1541668,1
89693,3122452,1
89747,4634645,1
89853,1885092,1
90082,5488172,1
90090,4451985,1
90102,3840310,1
90274,3787390,1
90284,2426890,1
90505,2557243,1
90547,2739452,1
90734,3580717,1
90819,3729926,1
91068,5739357,1
91148,5949556,1
91200,3225976,1
91282,5619590,1
91304,3971833,1
91463,5359427,1
91550,5938475,1
91654,4636810,1
91701,2172975,1
91848,3995690,1
92100,5851297,1
92242,4186954,1
92269,2214102,1
92396,3571382,1
92732,4627715,1
92916,2127964,1
93055,2869643,1
93179,3525871,1
93423,1909046,1
93462,2454015,1
93481,2339728,1
93707,4220385,1
94055,1473481,1
94225,5325201,1
94281,1966839,1
94466,2627975,1
94976,2212139,1
95326,5844612,1
95524,4224960,1
95895,2729956,1
95974,2061564,1
96059,1920821,1
96119,3089615,1
96162,3828567,1
96276,4161124,1
96366,5483362,1
96398,1332391,1
96490,6002872,1
96640,3160987,1
96869,5602105,1
96972,4714978,1
96984,1486893,1
97163,5927283,1
97241,1479030,1
97287,5969356,1
97309,2500649,1
97360,2570120,1
97455,4902428,1
97791,1556343,1
97930,1763790,1
97993,4961081,1
98060,5373952,1
98069,3647299,1
98100,3355585,1
98127,3452417,1
98279,4569478,1
98354,2554557,1
98417,4911414,1
98436,5523174,1
98459,3088418,1
98780,1365129,1
98856,5789518,1
98890,1051949,1
98967,1908972,1
99067,2182088,1
99226,5314428,1
99227,3955946,1
99621,3623298,1
99626,2478912,1
99736,3553686,1
99763,3221592,1
99874,3353073,1
100053,5978627,1
100120,1136727,1
100123,4280644,1
100299,1412823,1
100703,5089965,1
100729,3994669,1
101038,5183888,1
101089,2418653,1
101094,4825522,1
101128,3560037,1
101154,2694246,1
101254,2105592,1
101459,1149894,1
101573,3945814,1
101627,4142728,1
101685,2611915,1
101687,3591609,1
101699,1355905,1
101950,5750830,1
102096,1998225,1
102103,3777827,1
102114,3579520,1
102148,2445884,1
102341,5755713,1
102616,1082118,1
102749,3294877,1
102904,2202854,1
102925,5392863,1
103037,5906048,1
103092,5574745,1
103148,1656389,1
103221,5740367,1
103339,4141616,1
103596,3398888,1
103640,3535253,1
103657,1466380,1
103739,5553203,1
103837,3501840,1
103987,1976386,1
103990,1539447,1
104557,3094790,1
104699,5003987,1
104924,2130654,1
104932,1829035,1
105008,5117035,1
105070,3519284,1
105116,2717025,1
105120,3375864,1
105155,5172699,1
105158,5542913,1
105246,1767964,1
105270,5523627,1
105290,5506589,1
105436,5207429,1
105553,2617656,1
105836,5479210,1
105942,2054167,1
106100,1830941,1
106271,5642836,1
106274,5397934,1
106285,1573440,1
106359,1894070,1
106462,1501839,1
106476,1388960,1
106742,2020243,1
106777,3205845,1
106821,3329492,1
106853,5605234,1
106858,5656635,1
107166,4231055,1
107188,3831971,1
107194,1523533,1
107231,1332924,1
107255,1318790,1
107268,1771695,1
107333,5788981,1
107343,1439257,1
107480,2506940,1
107545,4346427,1
107593,1049177,1
107692,2999021,1
107810,5754498,1
107990,4199920,1
108054,4207426,1
108216,3503199,1
108549,4338018,1
108726,5897094,1
109000,3968086,1
109211,4188454,1
109232,2325718,1
109765,2322249,1
109766,5478463,1
109840,5618950,1
109907,4947063,1
110175,3690829,1
110300,4100650,1
110368,4463693,1
110388,4642673,1
110529,4039727,1
110575,4963776,1
110746,5498963,1
110873,5379065,1
111009,2139320,1
111208,5821615,1
111222,2921615,1
111251,3211051,1
111276,3665534,1
111425,5407528,1
111473,1542832,1
111613,5989115,1
111720,2303851,1
111735,1456158,1
111760,5195308,1
112013,1365287,1
112347,2348858,1
112358,2391553,1
112601,2804939,1
112870,1425217,1
112953,4657962,1
113067,5781293,1
113162,1155756,1
113510,1723895,1
113666,5204901,1
113768,1041652,1
113861,4177988,1
114015,2839133,1
114033,1710725,1
114132,2050953,1
114272,4265067,1
114328,3211556,1
114393,4245858,1
114458,2027240,1
114491,3642460,1
114621,4928019,1
114777,2934140,1
114820,3539003,1
114848,1229756,1
115018,5488935,1
115068,5471201,1
115340,4520518,1
115440,1504644,1
115661,2302834,1
115751,2750248,1
115982,3248042,1
115995,2019929,1
116014,5404304,1
116111,5322780,1
116246,1830970,1
116252,1175507,1
116380,3487187,1
116415,1945509,1
117355,4739522,1
117527,3255652,1
117548,2053283,1
117611,3745894,1
117655,4683409,1
117721,4089602,1
117799,4645879,1
117835,1436687,1
117876,4597920,1
117879,3988663,1
117928,5269964,1
118024,5926082,1
118042,3910529,1
118207,1087380,1
118391,4812592,1
118435,5303584,1
118464,5539124,1
118768,4194544,1
118872,3322552,1
119200,3441965,1
119259,5138748,1
119395,2487673,1
119460,2587382,1
120094,2505793,1
120217,4637615,1
120345,1978619,1
120589,2626988,1
120596,2296919,1
120894,4764346,1
121067,3742688,1
121559,5243761,1
121609,5508335,1
121767,5132754,1
121827,3291883,1
121837,4831867,1
121949,3543944,1
122105,1813303,1
122143,5502647,1
122183,2737361,1
122229,3347558,1
122887,2263614,1
123111,2977497,1
123239,3821931,1
123295,3290984,1
123346,2588665,1
123614,3769278,1
123709,4594442,1
123981,1465629,1
124192,2796529,1
124254,4331638,1
124499,4473534,1
124556,4507833,1
124674,2452741,1
124831,4794234,1
124874,1833427,1
125260,5013460,1
125302,1973753,1
125469,5340186,1
125499,3101273,1
125665,4743038,1
126070,3692908,1
126327,3185183,1
126502,5248422,1
126639,2922927,1
126682,5560512,1
126748,3977784,1
127179,1448511,1
127314,2097442,1
127639,4106775,1
127699,4442264,1
127720,3600267,1
127853,3395082,1
127959,5738944,1
127971,2905212,1
128153,3459566,1
128399,3804261,1
128413,3713660,1
128659,3312278,1
128969,3218860,1
129001,1117850,1
129089,2766259,1
129379,4496069,1
129386,1918563,1
129392,3927510,1
129427,5332093,1
129505,2949588,1
129564,1147334,1
129691,4765894,1
129845,2094063,1
129881,3075055,1
130188,2183431,1
130306,3084584,1
130360,4210909,1
130395,4517692,1
130397,1174474,1
130764,3737542,1
131081,5562409,1
131162,3807900,1
131179,1877610,1
131390,3837123,1
131450,5812422,1
131485,2619370,1
131683,3218398,1
131829,1523248,1
132076,4733206,1
132387,3728269,1
132569,5812310,1
132952,3340944,1
133097,2790532,1
133119,5241168,1
133153,5610643,1
133193,2054766,1
133292,6021801,1
133522,4261640,1
133554,4951625,1
133579,5643204,1
133623,4060350,1
133860,5174430,1
134118,3025776,1
134400,4990053,1
134496,3245217,1
134568,3502150,1
134570,4805667,1
134776,5035708,1
134916,4953678,1
134926,4823261,1
135091,2711010,1
135341,4531137,1
135350,4377632,1
135524,2900979,1
135697,4609846,1
135739,1281634,1
135818,1058047,1
136023,5308696,1
136169,4064934,1
136267,5638591,1
136403,3270646,1
136439,1059072,1
136583,4156690,1
136678,3251572,1
136740,4242893,1
136759,1434523,1
136992,3041930,1
137045,3924515,1
137103,4391658,1
137268,1501720,1
137494,4893042,1
137554,5881237,1
137627,2961470,1
137810,4727805,1
137821,2773925,1
137928,3130710,1
138062,4916082,1
138078,2801969,1
138102,1232328,1
138445,2646796,1
138556,2340328,1
138760,1801589,1
138910,4340792,1
139063,2023718,1
139175,1106188,1
139451,4869886,1
139576,5837873,1
139685,4807901,1
139686,3418556,1
139832,3307071,1
139867,5839866,1
139935,2126110,1
139990,3358492,1
140541,4448221,1
140874,6007202,1
140879,3857015,1
141364,5952272,1
141382,2070338,1
141385,5550745,1
141512,1302149,1
141522,1640429,1
141587,5798313,1
141690,1740817,1
141711,2403625,1
141774,6017871,1
141777,3689307,1
141785,5482885,1
141839,1044679,1
142019,1226317,1
142032,4169944,1
142299,1733018,1
142502,4406583,1
142526,5666036,1
142721,1230541,1
142742,5329161,1
142749,4631593,1
142868,2510474,1
143285,3089987,1
143429,1244102,1
143435,4380642,1
143473,5576168,1
143709,4311574,1
143786,3695874,1
143929,2920873,1
144038,5205812,1
144060,3241363,1
144142,1086687,1
144215,5325752,1
144222,3771066,1
144243,1276294,1
144345,5175450,1
144361,4153837,1
144419,2407754,1
144469,5235652,1
144514,5063688,1
144593,4002750,1
144607,1557798,1
144687,3855034,1
144723,3570951,1
144766,5750665,1
144877,2567688,1
144918,3800831,1
145012,5614761,1
145147,3253180,1
145428,4149191,1
145881,1458637,1
145935,5678851,1
146066,2651780,1
146091,5017870,1
146150,2362035,1
146184,5222669,1
146322,3443370,1
146366,4237875,1
146425,4239824,1
146480,4321209,1
146858,2345323,1
146931,4035863,1
147079,2053646,1
147290,5509269,1
147384,2384963,1
147583,5328184,1
147734,4000492,1
147857,5438839,1
147876,3840839,1
147947,3594561,1
148109,4184361,1
148117,5843488,1
148314,5038942,1
148395,5829231,1
148415,2838336,1
148532,4089723,1
148541,5632174,1
148660,5720775,1
148792,3803400,1
148827,4445455,1
149015,2307303,1
149226,3040494,1
149308,2953876,1
149328,1094700,1
149426,2681597,1
149455,2789862,1
149527,2185554,1
149686,5075237,1
149705,1634384,1
150274,4082170,1
150391,1698022,1
150481,2289339,1
150792,2512940,1
150915,4822167,1
151010,2582751,1
151151,4144254,1
151203,3024754,1
151403,5274165,1
151695,2375037,1
151737,3926505,1
152054,5494507,1
152253,1595279,1
152267,2098121,1
152488,1087122,1
152728,3851411,1
152879,1100345,1
153038,4336830,1
153150,3656859,1
153243,5389481,1
153405,5157809,1
153438,3259630,1
153592,3520516,1
153651,3194367,1
153789,3499851,1
153794,1190010,1
154170,1981795,1
154252,2822969,1
154301,2680677,1
154310,1610834,1
154528,4772260,1
154604,3430372,1
154620,5566814,1
154706,6010346,1
154765,1067408,1
154909,2150243,1
154955,2508863,1
155140,4943562,1
155382,2562724,1
155446,3195575,1
155667,3814312,1
155774,1733062,1
155832,5538261,1
156015,4538917,1
156388,4797723,1
156522,3763000,1
156557,5014147,1
156603,1265592,1
156609,2203751,1
156894,3070344,1
156897,4942158,1
157049,2933786,1
157100,4125615,1
157206,5753708,1
157293,5853596,1
157483,4144601,1
157566,5177154,1
157671,2513747,1
157675,3327373,1
157757,2620391,1
157867,4879736,1
158053,1460514,1
158096,1574489,1
158118,3161788,1
158479,1473567,1
158661,1789820,1
158745,2876381,1
158867,4772867,1
159103,1048428,1
159254,4717601,1
159283,2648501,1
159360,4503303,1
159388,1715501,1
159678,4769362,1
159961,3921616,1
159983,3278884,1
159984,2094166,1
160274,5838813,1
160293,3326426,1
160342,3610921,1
160400,1909906,1
160403,4939733,1
160422,4637823,1
160449,2002264,1
160522,2370543,1
160606,2706016,1
160687,4802717,1
160705,2875542,1
160738,4352097,1
160743,4397078,1
160748,3456866,1
160764,1211578,1
160845,3893447,1
160885,3340831,1
160917,1194812,1
161123,4956718,1
161415,4825963,1
161457,1417557,1
161804,2596823,1
161951,2454257,1
162036,2023704,1
162275,3881860,1
162313,2025359,1
162385,1178344,1
162631,5692059,1
162723,1796719,1
162775,5741136,1
162866,4337732,1
162937,3584884,1
162952,5675136,1
163013,5367512,1
163027,2675549,1
163219,2326021,1
163419,5134869,1
163463,3821571,1
164189,1163243,1
164281,5228042,1
164285,2485726,1
164422,1268793,1
164598,3377568,1
164862,2522345,1
164905,4226605,1
164914,3413732,1
165007,4130584,1
165205,4974140,1
165255,2042956,1
165375,5514670,1
165648,5227720,1
165735,3584088,1
165764,3305642,1
165809,5507655,1
165878,1718356,1
165945,1110221,1
166041,5579857,1
166181,1537412,1
166192,3027942,1
166198,4331466,1
166345,3187700,1
166349,5304413,1
166528,3887164,1
166721,1630865,1
166810,1053530,1
167018,4715163,1
167226,3909697,1
167251,2698953,1
167338,2609054,1
167370,4461173,1
167545,1399568,1
167605,4309428,1
167954,5662927,1
168096,2982394,1
168193,3894152,1
168344,4309199,1
168638,5787790,1
168665,2902039,1
168693,3453533,1
168893,5333240,1
168970,1812992,1
169014,5666754,1
169204,5545666,1
169223,4828475,1
169269,2432745,1
169352,2788844,1
169371,2385050,1
169389,5732277,1
169481,4888273,1
169512,1986566,1
169591,5078714,1
169608,5496303,1
169773,3841614,1
169808,3857967,1
169855,5468644,1
170021,2389655,1
170052,5471149,1
170062,1749939,1
170164,4216855,1
170241,4175472,1
170258,1107695,1
170360,4757466,1
170386,2849100,1
170438,5599372,1
170529,3350446,1
170718,1614374,1
170725,5310700,1
171053,1284270,1
171183,4465980,1
171275,5844733,1
171287,1786377,1
171367,1606086,1
171374,4912346,1
171391,4862965,1
171431,5538508,1
171671,4727963,1
171880,1242986,1
171925,1939865,1
171944,3551086,1
171981,3126463,1
172129,3293028,1
172327,1956659,1
172516,4545543,1
172699,5281616,1
173037,3930821,1
173046,1486418,1
173063,5129411,1
173108,2849218,1
173203,2710863,1
173212,3754428,1
173289,3325786,1
173502,2541685,1
173613,5777860,1
173893,4951224,1
173931,1168541,1
173968,4442014,1
174001,1525773,1
174128,3407933,1
174253,5296350,1
174261,2074596,1
174330,3489909,1
174744,5013737,1
174839,1076087,1
175637,2830634,1
175696,4610479,1
175933,4790606,1
176011,2324369,1
176168,2845656,1
176355,2315140,1
176364,5685270,1
176410,3589854,1
176443,4720031,1
176445,5883911,1
176488,1596480,1
176589,4696881,1
176699,2116973,1
176761,3609504,1
176776,1028632,1
176867,3868164,1
176974,5469898,1
176981,1887943,1
177044,5349114,1
177599,3191672,1
177628,4593562,1
177842,1632112,1
177922,5473044,1
178154,4191248,1
178381,2512858,1
178430,5219131,1
178495,3006262,1
178524,4757437,1
178529,4884480,1
178609,2690944,1
178691,1387711,1
178742,2187625,1
178840,2196946,1
179036,5174985,1
179051,5273641,1
179146,5502574,1
179404,4313163,1
179689,5128185,1
179806,3868377,1
179899,3517435,1
180024,3874841,1
180051,3873916,1
180333,3346203,1
180456,4787686,1
180489,2407123,1
180539,2943986,1
180731,3207786,1
180841,4453398,1
180990,5047434,1
181154,3245890,1
181428,4387557,1
181484,1329025,1
181493,3848601,1
181531,1313823,1
181634,3415830,1
181644,1288434,1
181680,1094263,1
181691,5472178,1
181733,3290748,1
181814,3106464,1
182005,1416156,1
182312,3128154,1
182422,2397234,1
182529,1145728,1
182597,1447081,1
182632,4723425,1
182724,5436264,1
182747,3638707,1
182758,4447213,1
182911,2786883,1
182991,2880761,1
183093,1769889,1
183206,5348208,1
183416,1532438,1
183509,5256517,1
183538,2246166,1
183545,2866213,1
183570,4426852,1
183576,1650701,1
183897,2979721,1
183987,4315353,1
184015,3586472,1
184016,1451663,1
184088,3236126,1
184164,5857780,1
184358,1425371,1
184437,5141988,1
184475,1053340,1
184532,2862315,1
184544,4577394,1
184974,4231274,1
185037,1457246,1
185143,1897711,1
185287,1018119,1
185389,1476582,1
185390,1278128,1
185407,4807795,1
185473,4057626,1
185850,2305553,1
186069,2755445,1
186391,4178410,1
186664,2223000,1
186687,1440488,1
186907,5632375,1
187024,5160607,1
187051,4752172,1
187090,4635691,1
187176,1649504,1
187241,2022238,1
187278,3265035,1
187931,3383165,1
187959,1030597,1
187972,1339302,1
188291,5541724,1
188455,2610772,1
188560,1238008,1
188670,2329617,1
188705,5853518,1
189011,3405336,1
189024,5413301,1
189151,4100264,1
189170,3323584,1
189447,4188070,1
189459,4414309,1
189472,3837793,1
189582,4956472,1
189841,5753954,1
189963,3635173,1
190021,3608614,1
190044,4100766,1
190049,4596483,1
190133,3162022,1
190321,3299252,1
190442,1937369,1
190857,1568634,1
191016,1181858,1
191154,5073842,1
191217,4124158,1
191223,1758795,1
191336,4117218,1
191343,3901299,1
191447,5950865,1
191533,5734510,1
191578,4264418,1
191617,5597623,1
191791,6009729,1
191929,4489715,1
191945,1417943,1
192344,2958231,1
192418,1731597,1
192710,2462401,1
192852,2253221,1
193462,5452527,1
193472,2234934,1
193700,1829339,1
193818,3936339,1
193918,5936183,1
193939,1717994,1
194008,5188635,1
194023,1606581,1
194090,1871530,1
194110,4613876,1
194238,2672744,1
194293,1628427,1
194532,2528511,1
194533,5620669,1
194539,4813193,1
194650,1256395,1
194660,2537856,1
194972,5361719,1
195104,1155977,1
195443,4577044,1
195542,5875693,1
195907,5059428,1
196028,4136511,1
196083,3881585,1
196230,4343956,1
196287,3333450,1
196608,3396068,1
196609,5983943,1
196773,2821529,1
196850,4517397,1
196872,4509704,1
197086,5643808,1
197211,4143821,1
197229,2305508,1
197366,1488114,1
197559,2615311,1
197734,3716387,1
197815,2051017,1
197820,1239607,1
198129,1597488,1
198207,2507749,1
198230,4004259,1
198435,3758501,1
198581,3048175,1
198682,5662636,1
198806,2799870,1
198924,1101247,1
199101,4413105,1
199202,3197026,1
199211,4441188,1
199317,4408424,1
199505,4412948,1
199764,4503913,1
199845,3501975,1
199920,4694225,1
200001,5389284,1
200091,4159483,1
200216,5139393,1
200243,2951813,1
200283,3942664,1
200521,2542459,1
200565,1990629,1
200654,3670442,1
200682,4590744,1
200821,5367182,1
200916,1187825,1
200994,5109906,1
201168,5673772,1
201580,5563083,1
201805,4736275,1
202116,1707329,1
202392,3319066,1
202415,5669478,1
202874,3724826,1
202890,3907347,1
203489,5588965,1
203594,2432595,1
203596,5851252,1
203601,3544669,1
203690,3193551,1
203837,3807065,1
203864,1883056,1
203913,2871654,1
203946,1131281,1
204050,3443245,1
204082,5491553,1
204121,4678074,1
204210,1642580,1
204217,1361975,1
204237,3810497,1
204420,5774535,1
204434,4458292,1
204442,3840369,1
204647,5021854,1
204929,5837175,1
205051,1530035,1
205204,3220011,1
205588,1621821,1
205633,5101646,1
205990,3873485,1
206208,5276973,1
206580,2459486,1
206655,1829321,1
206722,3924508,1
206868,5377572,1
206942,2850043,1
207414,5117776,1
207419,2361894,1
207603,2786778,1
207611,1924244,1
207619,4603557,1
207965,5517108,1
207987,3571315,1
207989,5902289,1
208120,4437126,1
208309,1730591,1
208312,5814864,1
208813,4730666,1
208924,1433621,1
208948,4451824,1
209085,4331584,1
209138,4293559,1
209513,4378199,1
209718,2242089,1
210006,5575196,1
210020,2237159,1
210235,4664664,1
210334,3894969,1
210368,5904003,1
210379,5907487,1
210630,1017443,1
210635,4179394,1
211007,5264016,1
211100,4988610,1
211221,1050272,1
211237,2168304,1
211245,5110598,1
211253,3985182,1
211326,5835164,1
211440,3526214,1
211693,3223305,1
211835,4789322,1
211841,5643714,1
211924,4397844,1
212110,3013867,1
212226,2126144,1
212299,4319827,1
212563,2677731,1
212611,5754996,1
212629,4257342,1
212873,1602015,1
212932,5675544,1
213099,2899905,1
213118,3681785,1
213146,3394006,1
213195,5378371,1
213566,2842182,1
214485,4280471,1
214738,5822406,1
215031,1098087,1
215105,2064270,1
215635,1177736,1
215731,3777657,1
215790,2947482,1
215827,5505612,1
215888,5581407,1
215889,2020030,1
216042,3756623,1
216445,3374163,1
216555,2412380,1
216661,1930934,1
216923,2464456,1
217118,2232176,1
217165,5269775,1
217190,1810335,1
217463,3883949,1
217563,5684821,1
217567,5363883,1
217591,4782700,1
217618,3161204,1
217917,2673859,1
218051,3855648,1
218111,5508580,1
218200,3736219,1
218210,4448277,1
218237,5393338,1
218275,3958294,1
218424,1803005,1
218535,1278888,1
218554,1992832,1
218706,2926131,1
218792,5946537,1
218796,5478128,1
218840,4062548,1
218860,3524135,1
219133,2785755,1
219189,5359617,1
219363,3494368,1
219858,5354686,1
220035,2884650,1
220063,2898989,1
220087,5106569,1
220221,3277761,1
220245,1068154,1
220294,3738255,1
220515,4174303,1
220835,3688912,1
220866,2713585,1
220974,1509563,1
220988,5660360,1
221132,3988797,1
221161,3457471,1
221184,3537151,1
221370,5558309,1
221412,1313335,1
221429,5000307,1
221476,2211840,1
221626,5590737,1
221682,5584790,1
221833,1321494,1
221941,1716469,1
222038,2027612,1
222212,5079168,1
222296,5592357,1
222348,3005463,1
222409,5954492,1
222417,4434048,1
222506,5814500,1
222613,2844543,1
222907,2539772,1
222996,5376377,1
223109,4592925,1
223218,4502415,1
223302,3241338,1
223334,5767827,1
223363,4564209,1
223392,5915143,1
223558,5625190,1
223762,1660973,1
223906,3664662,1
223918,1173687,1
223957,2259978,1
223966,4690497,1
224252,2168642,1
224258,5488741,1
224277,2593648,1
224526,3512722,1
224574,1433532,1
224663,2452884,1
224680,2818331,1
225072,3804083,1
225163,3383793,1
225254,2469595,1
225337,4196830,1
225356,5930496,1
225376,4646976,1
225766,3805689,1
225899,4314553,1
225982,5501663,1
226046,4816149,1
226100,1405191,1
226308,5651079,1
226383,3467781,1
226527,1953112,1
226554,4767340,1
226582,5198691,1
226597,2195193,1
226700,3865645,1
226789,5568574,1
226856,3776371,1
226892,5194217,1
226969,1935028,1
227155,5856205,1
227241,5407417,1
227385,3399421,1
227914,5791603,1
227946,4065497,1
227984,5231145,1
228054,1131953,1
228113,2489145,1
228165,4315102,1
228724,5683699,1
229215,1554291,1
229366,5363048,1
229385,3808165,1
229435,2075568,1
229476,1455478,1
229893,3314836,1
229943,5700843,1
229995,5306590,1
230138,4328673,1
230407,4670934,1
230584,4702511,1
230610,4232591,1
230726,2473934,1
230823,4037509,1
230926,1841476,1
230956,4956229,1
231384,1064008,1
231403,4490706,1
231626,2364515,1
231651,1365822,1
231778,1082529,1
231856,1345290,1
231870,1664220,1
232127,1855902,1
232385,4260885,1
232447,1462400,1
232557,5085911,1
232708,3871986,1
232921,4718096,1
233162,3776842,1
233227,5821145,1
233413,1677879,1
233483,2303047,1
233497,5296625,1
233801,1144722,1
233986,4296250,1
234203,1824039,1
234215,2781599,1
234227,1801208,1
234344,5741057,1
234366,2808923,1
234396,3905980,1
234795,2716741,1
234801,5163462,1
234881,1958935,1
235219,3612804,1
235239,3741921,1
235507,4351346,1
235597,3513110,1
235665,4501765,1
235693,5908130,1
235751,2031580,1
235838,1163714,1
235950,3541478,1
236177,4813475,1
236450,3316123,1
236634,3771605,1
236667,1266038,1
236832,5242522,1
236887,5232333,1
236889,4832561,1
236916,1842852,1
236918,1054030,1
237498,4239394,1
237538,1774150,1
237902,5108901,1
238081,4975607,1
238142,1300608,1
238170,2387811,1
238204,4142663,1
238238,3900024,1
238368,3536548,1
238412,1370453,1
238544,3001404,1
238671,4414002,1
238933,4663791,1
238971,3741540,1
238993,4985329,1
239138,4831430,1
239139,2371783,1
239160,1450207,1
239215,1998700,1
239235,1640224,1
239311,2206293,1
239411,2747386,1
239427,2128608,1
239693,4773882,1
239894,1062113,1
240621,4145763,1
240638,1704757,1
240641,1712843,1
240738,4979590,1
240882,2131772,1
240927,2208353,1
241062,1370663,1
241079,1409801,1
241085,1719289,1
241492,2136997,1
241650,4387540,1
241800,2954653,1
241890,4008369,1
241990,2699033,1
242183,5735008,1
242204,2322101,1
242349,1845949,1
242410,3968616,1
242487,4996280,1
242677,2521617,1
242733,4807053,1
242781,4320672,1
242810,4480720,1
243025,3984087,1
243030,4059964,1
243263,2928875,1
243482,1176411,1
243754,3618031,1
243790,2135705,1
244357,4952073,1
244552,1469083,1
244610,4476379,1
244662,5512750,1
244733,5853179,1
245066,1309328,1
245075,5561219,1
245208,3222033,1
245279,2939668,1
245358,5035935,1
245456,3116466,1
245719,4313142,1
245952,4907875,1
245988,1945673,1
246064,3356803,1
246099,1531624,1
246213,4777096,1
246339,3826785,1
246357,3912033,1
246439,3824696,1
246473,5738536,1
246597,3868127,1
246886,2150997,1
246903,5820925,1
247116,2950819,1
247160,5030494,1
247230,4496579,1
247407,1097020,1
247414,3011377,1
247435,5781648,1
247628,1240657,1
247833,4357122,1
247992,2830505,1
248072,2770262,1
248181,4790704,1
248193,5278813,1
248300,5395421,1
248452,4437981,1
248854,5502945,1
249019,3734514,1
249108,1405345,1
249243,5816005,1
249404,1979597,1
249456,5902758,1
249484,3374156,1
249984,1755161,1
250016,1808406,1
250155,4093664,1
250215,5240083,1
250446,5277068,1
250568,3473356,1
250620,5168805,1
250671,2975209,1
251063,4342351,1
251167,5626750,1
251459,5942598,1
251529,5611053,1
251632,4766264,1
251747,1408616,1
252038,2786219,1
252233,5498328,1
252441,5590101,1
252466,3231681,1
252536,5232320,1
252569,3966259,1
252602,1223139,1
252915,3883083,1
253039,1234259,1
253183,5553462,1
253236,3694396,1
253259,1109310,1
253297,4227451,1
253355,2810671,1
253386,4669120,1
253414,3336206,1
253524,4926654,1
253625,4907728,1
253670,5101405,1
253743,3748279,1
253770,3709985,1
253904,3400856,1
253946,4158582,1
254065,3712419,1
254161,3130293,1
254275,1373153,1
254292,5175090,1
254370,1930189,1
254506,4862625,1
254574,4772026,1
254664,2100300,1
254991,4104242,1
255285,1617744,1
255312,3882591,1
255457,5904168,1
255468,4812147,1
255642,2149604,1
255942,4242947,1
256280,2100892,1
256505,2478406,1
256597,3704804,1
256634,2285458,1
256680,5028569,1
256760,2657793,1
256983,1526507,1
257448,3155089,1
257470,4354756,1
257489,1071847,1
257590,2355832,1
257732,5712656,1
257832,2617377,1
257845,2907159,1
257899,1945326,1
258064,2793629,1
258174,3231797,1
258341,3592664,1
258727,5052813,1
258754,6021075,1
258950,4827887,1
259242,3446593,1
259344,2572901,1
259382,4534132,1
259392,3006348,1
259543,4721446,1
259847,2374251,1
259896,3545625,1
260052,3103623,1
260115,1892766,1
260203,5746091,1
260284,1987266,1
260291,4320582,1
260329,5697115,1
260613,2889038,1
260628,3917995,1
260737,2666223,1
260813,3440330,1
260847,2927432,1
260888,3285868,1
260911,1538215,1
260926,3761549,1
261000,2344116,1
261050,1679650,1
261205,1278727,1
261519,5263093,1
261570,5551185,1
261572,5449326,1
261677,5533410,1
261853,4635746,1
261921,4234303,1
261944,5845785,1
262029,5496901,1
262059,3667104,1
262065,4586183,1
262269,5536875,1
262355,5280629,1
262424,3363352,1
262575,4936585,1
262718,5749615,1
262725,2702469,1
263165,2586446,1
263239,2347563,1
263361,5341465,1
263457,3454721,1
263466,5002439,1
263598,5647317,1
263635,4710658,1
263710,5058726,1
263979,2881979,1
264077,3221654,1
264122,3635711,1
264148,4421295,1
264314,4317575,1
264373,1299471,1
265160,4372435,1
265286,3372325,1
265336,3392934,1
265343,1174456,1
265372,5003888,1
265863,3926971,1
266216,2718358,1
266243,5008427,1
266359,5601367,1
266377,1815010,1
266406,3022081,1
266583,5345088,1
267005,5964291,1
267117,3146778,1
267403,1544825,1
267574,4166600,1
267732,4359733,1
268024,1073266,1
268175,1876894,1
268282,3325823,1
268513,5653016,1
268550,3773865,1
268633,1112966,1
268634,2934099,1
268657,2257637,1
268772,4527842,1
268919,4304007,1
268954,1025329,1
269051,2725486,1
269059,3333496,1
269082,5958402,1
269212,1968614,1
269235,5530265,1
269247,3584737,1
269426,1635382,1
269645,4599607,1
269699,4342140,1
269727,5888529,1
269737,1082423,1
270018,2338924,1
270115,2540348,1
270134,2087643,1
270171,1549328,1
270439,1411582,1
270646,5646470,1
270701,4816470,1
270790,5163203,1
270812,2506164,1
270989,1505568,1
271154,2631006,1
271180,2811155,1
271399,3640713,1
271510,5337251,1
271580,4671014,1
271685,1466336,1
271692,2550907,1
271729,5278405,1
271813,4845755,1
271822,4064556,1
271823,4263348,1
271902,4153815,1
271942,5576427,1
272108,2831577,1
272173,1889754,1
272255,3985652,1
272259,5404656,1
272369,5299662,1
272421,5455988,1
272722,5417865,1
272844,3793250,1
272856,4162290,1
273163,1323848,1
273191,5479713,1
273290,5735759,1
273586,1826307,1
273740,1644997,1
274006,5542422,1
274038,5312882,1
274088,5560287,1
274506,5583390,1
274969,4400844,1
274992,1168537,1
275190,3713042,1
275207,6019849,1
275244,5827296,1
275257,4931134,1
275811,3498036,1
276005,1679993,1
276074,3122868,1
276196,2495586,1
276485,2901508,1
276746,4534546,1
276997,5351238,1
277004,3766815,1
277044,5276930,1
277058,3952615,1
277104,4480821,1
277260,4620202,1
277341,1431798,1
277347,2623285,1
277842,3969899,1
277864,5858862,1
277924,4606956,1
277950,2886328,1
278244,5544132,1
278568,4966444,1
278822,1071227,1
278855,2253372,1
279060,2799178,1
279356,4227370,1
279425,4927332,1
279523,2186958,1
279569,1232864,1
279786,4926725,1
280163,3607366,1
280177,5804928,1
280345,4446145,1
280382,3315496,1
280402,3613559,1
280413,5425401,1
280843,1800310,1
280862,1651761,1
280904,3439197,1
281105,2283179,1
281229,6021245,1
281244,1436860,1
281404,4894117,1
281409,4281236,1
281496,2910977,1
281614,4569649,1
281726,4588336,1
281932,5875977,1
281997,4533127,1
282083,2222094,1
282196,4922539,1
282562,5462533,1
282757,2060069,1
282866,1858760,1
282883,2493065,1
282976,5042093,1
283036,3310401,1
283317,1440457,1
283463,3344890,1
283636,1244003,1
283730,3851868,1
283771,3628470,1
283883,2476453,1
283988,3105052,1
283994,4304780,1
284061,1243249,1
284391,2143563,1
284440,1817917,1
284532,3267873,1
284881,5623719,1
285041,1131274,1
285314,2515738,1
285357,5337753,1
285837,3643537,1
285918,5733918,1
286013,4113148,1
286193,2459725,1
286194,1855645,1
286273,4372387,1
286479,2920812,1
286495,1026392,1
286503,3323858,1
286519,3643278,1
286596,5899727,1
286633,3436276,1
286733,3032728,1
286749,4121108,1
286877,1987762,1
286934,1696106,1
286947,2740209,1
287120,3551064,1
287121,2952974,1
287177,5081427,1
287238,1493731,1
287353,3563324,1
287664,5360613,1
287684,3475153,1
287812,1336894,1
287951,3870105,1
288080,5935187,1
288187,4433096,1
288428,2072920,1
288606,5221685,1
288706,4037784,1
288814,1434498,1
288861,4641007,1
288967,4817806,1
289014,2648857,1
289042,1054983,1
289262,2462175,1
289423,2022281,1
289727,3759549,1
289739,4922669,1
289791,2616840,1
289858,5373064,1
289884,2930591,1
290007,5644586,1
290200,4634226,1
290260,3545638,1
290302,1651834,1
290314,2207535,1
290496,2076045,1
290689,5064453,1
290741,1784291,1
290802,2093444,1
290898,2729614,1
290959,3263322,1
291037,6015133,1
291075,4806341,1
291362,2505562,1
291392,5824341,1
291906,5128594,1
292111,1171579,1
292315,3022462,1
292419,4936834,1
292451,1116486,1
292576,2614292,1
292713,1863599,1
293120,3419719,1
293481,2524567,1
293639,2573584,1
293722,4864582,1
293990,5519584,1
294013,1168744,1
294067,4375637,1
294142,1630513,1
294256,5582636,1
294340,3012117,1
295185,5619684,1
295321,1175633,1
295387,2084347,1
295503,2227402,1
295611,3306479,1
295681,2806828,1
295826,4193245,1
295836,2152915,1
295889,1589516,1
295961,3373316,1
295986,4553919,1
296233,4576545,1
296333,5164911,1
296425,1872265,1
296492,1741626,1
296594,5147905,1
296621,2827523,1
296770,2001238,1
296782,5913919,1
296978,1667074,1
296997,2176768,1
297134,3615474,1
297168,1254915,1
297259,4856553,1
297372,1933589,1
297407,3050226,1
297446,3527297,1
297503,5012150,1
297589,4602731,1
297787,2781021,1
297963,1659003,1
298035,3945442,1
298048,5904622,1
298053,6012674,1
298124,2848622,1
298342,5674997,1
298352,4038835,1
298540,5215662,1
298598,1679124,1
298793,2091047,1
299111,3297441,1
299160,3136639,1
299501,4336606,1
299541,5867769,1
299619,3666068,1
299638,5323021,1
299652,5316873,1
299747,1101705,1
299838,4672157,1
299851,1476431,1
300078,2747860,1
300160,3942008,1
300313,4356165,1
300374,1829437,1
300389,1246373,1
300437,5514018,1
300517,1682072,1
300604,2205105,1
300762,5785065,1
300842,4033334,1
301098,4333918,1
301189,4170226,1
301447,4036506,1
301520,4815941,1
301728,3177986,1
301797,1540145,1
301842,4022087,1
302194,5630939,1
302216,1184961,1
302280,4284884,1
302414,5024376,1
302626,3504756,1
302676,3592358,1
302955,3889498,1
303394,3733172,1
303433,5567681,1
303543,2299166,1
303610,2876766,1
303790,2719441,1
303890,2606476,1
303996,4145091,1
304067,6000972,1
304340,5789521,1
304500,4345246,1
304685,1115104,1
304719,2714865,1
304817,3582027,1
304880,1432235,1
304889,4964500,1
305025,4154598,1
305037,4339226,1
305058,3815466,1
305063,1509574,1
305071,1379735,1
305142,2555713,1
305356,4812382,1
305610,3371994,1
305710,4022171,1
305823,4763550,1
306214,1593707,1
306248,4409106,1
306320,3735893,1
306709,5933009,1
306960,4427538,1
307149,1665277,1
307314,1325843,1
307461,1289097,1
307540,1965136,1
307733,1163491,1
307875,4477031,1
308134,5098892,1
308135,3886548,1
308162,5683177,1
308188,3793602,1
308278,3353960,1
308459,5409798,1
308465,2222125,1
308469,3032441,1
308649,2363292,1
308671,1642322,1
308687,2305825,1
309120,4823347,1
309173,2161987,1
309295,2818800,1
309304,2909274,1
309335,1829112,1
309378,3329732,1
309501,4325403,1
309515,3636890,1
309571,4019622,1
309622,1768615,1
309685,2890950,1
309775,3260794,1
309896,1847094,1
309979,5905660,1
310276,4172753,1
310381,5037283,1
310500,2090818,1
310562,1174831,1
310565,4105906,1
310598,1400081,1
310957,3763105,1
311051,1429751,1
311056,2579278,1
311356,2578092,1
311621,5204576,1
311723,5511756,1
311753,1002432,1
312237,4843057,1
312241,1162617,1
312301,5492043,1
312316,5130945,1
312563,5875904,1
312633,2785269,1
312669,4574525,1
312760,5179358,1
312793,2183217,1
312893,5326222,1
312956,4939528,1
313024,5206572,1
313026,3287010,1
313129,5309143,1
313642,4187485,1
313755,2681231,1
313825,5984794,1
313866,1175525,1
313891,5652518,1
313911,1876538,1
313985,2404376,1
314234,1456480,1
314446,1843103,1
314511,4232065,1
314689,1098102,1
314702,3870914,1
314751,3164052,1
314904,5730242,1
314936,5053519,1
315147,5070194,1
315171,1409646,1
315229,1850068,1
315244,1589568,1
315470,4287293,1
315562,3915100,1
315655,2614142,1
315774,3975927,1
315894,5649503,1
315896,2238191,1
315935,5540252,1
315963,5996740,1
316004,1646369,1
316137,2725622,1
316184,1326229,1
316197,5962523,1
316207,4053638,1
316354,4618417,1
316550,3861361,1
316993,2730435,1
317008,5241904,1
317053,3298668,1
317098,1742251,1
317279,2336770,1
317594,3995255,1
317785,2159247,1
317920,4659585,1
317921,2377667,1
318011,5981887,1
318256,5411535,1
318316,3409267,1
318364,3691696,1
318391,5980644,1
318411,5857418,1
318484,1110458,1
318522,3968324,1
318574,2943881,1
318626,5780776,1
318646,4152283,1
318741,1085404,1
318949,4849839,1
319288,2468257,1
319391,3574233,1
319564,3147659,1
319755,3673369,1
319860,1824145,1
320065,5048140,1
320168,5853447,1
320187,5227493,1
320215,1123652,1
320361,1221055,1
320404,1962050,1
320431,2134812,1
320515,4322851,1
320701,4453001,1
320738,5158802,1
320873,3043724,1
320914,5344475,1
321051,1000809,1
321063,1360126,1
321204,3588751,1
321324,1425185,1
321371,5758186,1
321679,4464113,1
321935,5075500,1
322038,2484377,1
322053,5244798,1
322121,5363811,1
322220,5959132,1
322221,1928838,1
322236,3944345,1
322354,1825647,1
322608,4568571,1
322676,4922883,1
322689,3534435,1
322834,5948405,1
322976,2647076,1
323092,5069903,1
323101,3405659,1
323154,4888935,1
323165,4341591,1
323282,5778503,1
323292,4607302,1
323427,5234588,1
323765,5365792,1
324232,4851493,1
324259,3318198,1
324622,4317227,1
324747,3409502,1
324788,4116504,1
324790,3051386,1
324907,1696420,1
325039,4676836,1
325200,1782427,1
325256,3587347,1
325370,2565441,1
325748,4687659,1
325923,3864427,1
325951,2567631,1
326078,4048567,1
326240,5974425,1
326415,4851612,1
326421,4054561,1
326480,2544891,1
326495,1253888,1
326555,5283702,1
326721,4664223,1
326846,4015898,1
327060,5788309,1
327084,1628297,1
327106,3099422,1
327203,4116001,1
327231,1146076,1
327332,2103181,1
327473,5886224,1
327749,5094445,1
327890,4563434,1
327929,3847705,1
328267,1206774,1
328312,3518835,1
328336,4430434,1
328413,4022412,1
328491,4973109,1
328543,2154533,1
328583,2004560,1
329305,3881416,1
329514,4752476,1
329603,1288820,1
329608,2434316,1
329645,3960365,1
329816,1406300,1
329850,4685170,1
329984,3543463,1
329999,3403860,1
330045,5053491,1
330148,2704532,1
330450,3022314,1
330586,2030448,1
330946,3429591,1
331017,2934953,1
331284,3272528,1
331435,2915637,1
331646,1603078,1
331697,3501438,1
331834,3306863,1
331835,5426018,1
331988,5785737,1
332066,3549574,1
332121,4188698,1
332250,4998177,1
332331,2519692,1
332458,3816246,1
332477,1668387,1
332530,5942153,1
332563,2709586,1
332591,5687201,1
332595,4316697,1
332619,1485120,1
332644,4891744,1
332664,5835149,1
332925,3571464,1
332934,1882361,1
333266,5844509,1
333299,5669605,1
333428,1059778,1
333484,3491525,1
333608,1192446,1
333935,3201830,1
334016,1681148,1
334069,5334819,1
334143,5407972,1
334320,4962896,1
334335,1384651,1
334338,3696075,1
334365,5026122,1
334398,5108972,1
334541,2092116,1
334569,5524293,1
334619,5908858,1
334884,2775856,1
334907,3410817,1
335262,3375016,1
335334,3432539,1
335417,3817376,1
335529,3488514,1
336056,4443912,1
336144,4599017,1
336249,5527342,1
336799,3973132,1
337282,4039474,1
337877,2091376,1
338293,3821520,1
338506,4318219,1
338921,1457139,1
338975,5322314,1
339192,1093438,1
339817,2057624,1
339856,3822221,1
339869,1695287,1
340197,5894035,1
340224,4078638,1
340292,1787572,1
340416,3078863,1
340479,2562232,1
340528,2145305,1
340555,2304832,1
340560,4647577,1
340589,1954328,1
340764,5864993,1
340770,2929686,1
340907,2553006,1
340922,3768935,1
340961,4686521,1
341002,4817751,1
341214,4193091,1
341582,5212987,1
341785,2362906,1
341824,1726459,1
341959,4319777,1
342136,1597431,1
342332,3753904,1
342361,2521394,1
342445,3160926,1
342554,3318000,1
342663,1882389,1
342670,2510823,1
342726,5764312,1
343127,3734252,1
343230,3353740,1
343276,5438206,1
343482,1274794,1
343566,4465552,1
343613,2463550,1
343659,3388924,1
343917,1617758,1
343969,5634864,1
343986,5380960,1
344187,4604685,1
344430,3727627,1
344462,3203410,1
344844,3883414,1
345605,5381460,1
345681,2794402,1
345776,4957009,1
345887,2599184,1
345943,3424421,1
346032,4477802,1
346129,3263727,1
346140,3719669,1
346262,5167693,1
346386,4893323,1
346556,4063063,1
346557,1923808,1
346581,4762517,1
346682,2376480,1
346975,4481938,1
347091,4343942,1
347662,3471145,1
347710,2453293,1
347884,2925817,1
348006,4558984,1
348088,1201409,1
348099,4737230,1
348447,4356789,1
348840,5639655,1
348972,3705974,1
349026,1072550,1
349262,1499205,1
349378,1225110,1
349390,2911108,1
349423,3032429,1
349467,1216783,1
349599,5907815,1
349674,5969677,1
349740,3845123,1
349960,1173123,1
349971,2433821,1
349984,4225307,1
350084,1142652,1
350251,5894709,1
350762,5228182,1
350778,2658650,1
350823,1396946,1
350866,2513181,1
350897,5868682,1
350960,4180368,1
350993,4383878,1
351355,4273966,1
351458,2018898,1
351663,4879683,1
351667,5631683,1
351817,1099336,1
352037,4858337,1
352095,4844918,1
352124,5300719,1
352202,4262943,1
352396,3570347,1
352838,4179315,1
352840,1522082,1
352892,2962432,1
353068,4481383,1
353221,4970859,1
353263,3186399,1
353495,2775333,1
353824,5428027,1
354019,3665885,1
354137,4283044,1
354164,4161057,1
354189,5786070,1
354316,5523138,1
354361,1534372,1
354569,1293683,1
354571,1622025,1
354689,2970814,1
354863,1181760,1
355025,3651430,1
355204,4202508,1
355460,1426464,1
355489,5636239,1
355509,3241148,1
355727,2587069,1
355963,2813132,1
356383,1216130,1
356391,1225907,1
356422,3345904,1
356524,4412999,1
356875,3286552,1
356922,2138526,1
357032,2417492,1
357219,4633027,1
357236,4784280,1
357319,1614532,1
357550,3540273,1
357563,3175850,1
357912,1200204,1
358005,3633004,1
358096,3845596,1
358130,1482482,1
358160,2646886,1
358446,4290451,1
358494,4343455,1
358505,5765568,1
358525,2632433,1
358790,4648124,1
359138,4917763,1
359189,1998373,1
359210,4995055,1
359250,4166032,1
359297,5042377,1
359313,3412770,1
359329,5871602,1
359367,3599359,1
359591,4264392,1
359683,5121397,1
359758,3215540,1
359829,2759305,1
359830,5850758,1
359841,4603855,1
359848,2985256,1
359893,1834497,1
360144,4876777,1
360158,4346763,1
360228,1363729,1
360239,5780093,1
360303,3493877,1
360493,2376345,1
360696,2454454,1
360765,2162457,1
360952,4729590,1
361303,3203324,1
361409,3513126,1
361437,4877986,1
361469,2750035,1
361703,5017647,1
361893,1444134,1
361946,5358285,1
362101,1090737,1
362121,5055669,1
362363,1158495,1
362488,5163137,1
362489,1827683,1
362541,1869193,1
362681,3509391,1
362728,2587464,1
362889,3711973,1
363163,3039679,1
363393,5148749,1
363398,5025419,1
363600,3121099,1
363692,1116252,1
363829,1485044,1
363831,3596469,1
364079,5640156,1
364103,5207343,1
364805,2166687,1
364835,5410125,1
364879,2133533,1
364970,4087253,1
365033,4275616,1
365175,3142414,1
365178,4063203,1
365339,4650607,1
365440,1198884,1
365619,4751669,1
365776,5633396,1
365953,2922217,1
366386,1175837,1
366454,4151827,1
366661,2941539,1
366703,5371436,1
366784,5893059,1
366813,4927070,1
366836,2807367,1
366866,3565192,1
366873,4056426,1
367019,5579641,1
367128,4830842,1
367200,3557510,1
367231,4305484,1
367288,4496781,1
367370,2873080,1
367537,2119355,1
367579,3030727,1
367899,3535739,1
367984,4182345,1
368034,4669763,1
368221,4000791,1
368332,3962298,1
368375,3321269,1
368518,4277660,1
368642,2966851,1
368659,5747279,1
368713,4700228,1
368780,5673551,1
369063,2011465,1
369337,1039510,1
369387,4821644,1
369648,5009051,1
369864,1880502,1
369894,4863972,1
369929,1790086,1
369947,4519135,1
369990,3288942,1
370004,3405853,1
370024,3961562,1
370196,5122824,1
370266,5306073,1
370313,3861879,1
370626,2723231,1
370717,5805390,1
370758,5074771,1
370814,3980229,1
370940,3722761,1
370992,6007419,1
371212,5486616,1
371673,5709558,1
371696,2967196,1
371756,4810142,1
371819,3832545,1
371892,3614657,1
372244,5725469,1
372295,1019343,1
372352,5846599,1
372397,1938564,1
372525,1777708,1
372587,4660920,1
372703,5345510,1
372795,4748229,1
372958,1366238,1
373018,5918090,1
373149,1112001,1
373227,2356672,1
373394,4139327,1
373465,5219700,1
373724,1135191,1
373790,2043717,1
373826,1143969,1
373888,1030454,1
373913,5111013,1
374046,5905462,1
374614,1984811,1
374658,2692803,1
374747,2399504,1
374909,2076927,1
374955,4775123,1
375013,2419660,1
375039,5198398,1
375289,5776296,1
375293,4019950,1
375650,4438283,1
375840,3526716,1
375876,4915868,1
376060,4829449,1
376070,2074929,1
376085,2932331,1
376374,1469395,1
376495,5557939,1
376596,5421312,1
376765,1254123,1
376815,1471029,1
376841,3942821,1
377644,5970791,1
377745,4148518,1
377753,5717374,1
377835,3397143,1
377917,5789691,1
378004,1897173,1
378200,1875641,1
378341,4006639,1
378393,3495171,1
378433,3924011,1
378554,3443962,1
378573,2426601,1
378589,3151163,1
378652,1323245,1
378815,5150010,1
378879,2588981,1
378908,1611022,1
378966,2383858,1
378974,1404980,1
379076,2866638,1
379078,1169859,1
379226,5904329,1
379263,5292790,1
379301,2500627,1
379397,3985141,1
379692,2192229,1
379854,3355632,1
379921,1431085,1
379949,1373291,1
380173,5980256,1
380310,4169536,1
380355,5535585,1
380408,4060906,1
380662,1771239,1
380763,3976058,1
380892,4576257,1
381044,1643291,1
381091,4375152,1
381149,3302244,1
381220,4946298,1
381362,3017807,1
381380,5077728,1
381421,4347037,1
381551,2505001,1
381853,5751322,1
381920,3174230,1
382077,1314099,1
382447,5905129,1
382681,3480092,1
382851,2035166,1
383149,2986891,1
383218,5394341,1
383335,4942266,1
383431,5962168,1
383535,5701500,1
383625,4775828,1
383635,5495155,1
383654,3620175,1
383693,5992292,1
383746,1518776,1
383904,2078430,1
383993,4536410,1
384106,3941019,1
384148,4336631,1
384166,2119243,1
384260,2385062,1
384384,1005686,1
384520,4241174,1
384646,5320737,1
384740,5346288,1
384970,3880701,1
385126,3975566,1
385676,2558625,1
385707,1791639,1
385765,2631643,1
385867,3686858,1
385921,2026276,1
385941,3270171,1
386372,5003216,1
386395,5372032,1
386456,1200313,1
386783,3388901,1
386798,1881775,1
387017,3160197,1
387050,4821966,1
387071,1758901,1
387179,3845828,1
387187,5342727,1
387204,3596262,1
387361,2383516,1
387493,5545806,1
387518,5130336,1
387733,3833255,1
388032,3896264,1
388088,5999881,1
388377,1324532,1
388687,3494856,1
388797,2516551,1
389132,4914049,1
389246,3908481,1
389298,1045764,1
389414,4286796,1
389431,5076247,1
389495,2590530,1
389543,1015458,1
389555,2905766,1
389560,1063541,1
389687,5650983,1
389698,2913272,1
389927,3809554,1
390166,1325702,1
390199,3217753,1
390264,5310644,1
390373,2823512,1
390515,1894082,1
390534,1398597,1
390578,4228898,1
390844,3053842,1
391084,5259652,1
391112,1570379,1
391168,5661888,1
391376,1294178,1
391792,1793360,1
391888,5154623,1
391914,2506642,1
392070,1581565,1
392149,1393778,1
392305,4836871,1
392309,3143989,1
392423,4771424,1
392522,1980452,1
392696,1210066,1
392731,4230141,1
392804,1698568,1
392972,3047725,1
393004,3331479,1
393188,5078487,1
393203,1370745,1
393221,5696922,1
393291,1911746,1
393336,2902233,1
393344,4024701,1
393393,2531304,1
393517,5463924,1
393537,4570130,1
393562,5892876,1
393679,3712233,1
394688,4435584,1
394813,3174476,1
394945,4196721,1
394952,2777138,1
395124,3197184,1
395158,2941386,1
395271,2337527,1
395285,1253389,1
395291,2314129,1
395324,2309548,1
395333,5525329,1
395341,1444857,1
395393,3154219,1
395493,5169471,1
395499,5954726,1
395665,5613727,1
395685,5867302,1
395865,1349057,1
395971,3997187,1
396008,5929687,1
396014,1536094,1
396031,2562314,1
396142,1651644,1
396213,1934940,1
396267,4218835,1
396281,1709048,1
396289,2427830,1
396303,4750505,1
396339,4416064,1
396378,4709316,1
396438,3874519,1
396639,5510537,1
396764,5577206,1
396784,3657379,1
396786,2255700,1
396879,4478789,1
396923,4375346,1
397126,3830412,1
397333,2714050,1
397611,2883245,1
397669,3557374,1
397733,2507975,1
397799,5275663,1
397868,1316246,1
398129,2583090,1
398141,5770622,1
398239,4957680,1
398351,5346560,1
398439,2733616,1
398444,4511125,1
398735,5664880,1
398849,3220162,1
398889,1623865,1
398937,4604794,1
399259,3047592,1
399363,1414911,1
399368,5039897,1
399378,3518291,1
399510,2776473,1
399840,5918772,1
399904,2364359,1
399956,3077910,1
400114,1174134,1
400119,2150296,1
400156,2686200,1
400219,5207151,1
400330,1024217,1
400439,3162584,1
400946,5289849,1
401118,1674007,1
401244,1840590,1
401283,3925921,1
401351,3227660,1
401799,5643866,1
401925,3074609,1
402011,2814914,1
402015,1696373,1
402218,4506291,1
402292,4479187,1
402389,1658285,1
402397,3326911,1
402485,5472277,1
402510,5566910,1
402521,1999424,1
402672,2534575,1
402862,2529728,1
402891,5657125,1
403018,2001834,1
403037,4560692,1
403133,3576677,1
403557,1845769,1
403735,1679935,1
403785,1056771,1
403788,5446416,1
404071,1714679,1
404136,6012267,1
404306,3882859,1
404329,1998281,1
404358,5948588,1
404493,3789864,1
404573,4698366,1
404844,5404151,1
404875,3864075,1
405026,4695149,1
405125,2495379,1
405399,3971497,1
405431,1889263,1
405470,5604368,1
405578,5272115,1
405636,3534326,1
405878,2631729,1
405893,2756303,1
405913,4270912,1
405983,5422900,1
406014,3986543,1
406167,5555922,1
406276,5357000,1
406519,5849985,1
406631,2302471,1
406664,3083033,1
406746,3965743,1
406915,5824171,1
406922,5989269,1
406987,5150353,1
407109,1302619,1
407124,5752414,1
407180,4514157,1
407314,4467775,1
407426,5107496,1
407576,5615858,1
407590,1264930,1
408058,2645972,1
408094,4743736,1
408189,4584771,1
408587,1030664,1
408704,3181916,1
408797,2446344,1
408953,1901252,1
409043,3808484,1
409045,5506002,1
409207,3326765,1
409451,4876593,1
409729,3935883,1
409735,2497647,1
410042,2023640,1
410047,4481169,1
410241,5636049,1
410262,2804592,1
410408,3651824,1
410453,1123902,1
410488,5810661,1
410496,5899197,1
410551,1438638,1
410875,3000366,1
410911,4846669,1
410956,3383131,1
411149,3320855,1
411252,5400193,1
411305,4126633,1
411382,4186884,1
411480,2829761,1
411524,4814392,1
411585,2699679,1
411599,2829447,1
411608,2368852,1
411622,1593234,1
411681,3442410,1
411683,2153334,1
411705,4786848,1
411900,5410400,1
411902,4707459,1
411975,3149326,1
412021,4150702,1
412272,2781004,1
412395,1134948,1
412533,1192821,1
412621,2394792,1
412639,3425994,1
412867,2979718,1
412954,3348398,1
412961,2999865,1
412996,4184865,1
412998,1521549,1
413042,5317601,1
413127,2087136,1
413163,1591362,1
413273,3092414,1
413389,3057299,1
413448,4179120,1
413641,1995283,1
413881,2253027,1
413984,3694559,1
414322,3043025,1
414324,3585702,1
414352,3856617,1
414469,1521232,1
414543,2431154,1
414683,1927160,1
414880,4855826,1
414950,3673528,1
415026,5458159,1
415184,2234928,1
415193,3985817,1
415305,3898070,1
415421,3688964,1
415504,4665436,1
415655,3739630,1
415690,1923204,1
415931,2896945,1
415986,4076897,1
416141,3881669,1
416191,2873312,1
416275,1903610,1
416277,1898324,1
416341,3004016,1
416434,4244828,1
416480,1734632,1
416506,5544750,1
416518,5727194,1
416551,4356433,1
416604,1651687,1
416634,2558186,1
416637,1897385,1
416680,2613076,1
416838,5042035,1
416867,5564716,1
416938,3741341,1
416939,3465006,1
416951,5163388,1
417014,5434284,1
417070,2270365,1
417104,5533779,1
417163,3616695,1
417245,1177141,1
417305,3215075,1
417315,3541720,1
417369,1239022,1
417441,2798872,1
417649,2731208,1
417853,5486581,1
417923,5925816,1
417979,2824380,1
418066,4682973,1
418265,3256305,1
418406,1678874,1
418486,1464169,1
418536,3694875,1
418559,4628675,1
418674,2223568,1
418816,1193061,1
419372,3570371,1
419400,2145700,1
419538,1320468,1
419675,1954777,1
419786,5185466,1
419860,4956294,1
419976,3593466,1
420175,1129596,1
420363,3458503,1
420366,2322452,1
420540,3070583,1
420571,2104431,1
420723,1421390,1
420780,2575378,1
420798,5907250,1
420852,3884265,1
420864,1179607,1
420957,1627126,1
421115,4903347,1
421197,1879732,1
421294,1779614,1
421448,3638171,1
421636,1146302,1
421713,1053984,1
421724,2581097,1
421734,2073694,1
421841,5539954,1
422054,5417888,1
422224,5669649,1
422319,4510205,1
422329,1656152,1
422361,1624883,1
422437,5901300,1
422472,1631426,1
422523,4367241,1
422597,3255170,1
422668,5817550,1
422785,1089181,1
422969,4376983,1
423030,5599960,1
423055,2857618,1
423064,3322686,1
423159,3939715,1
423331,4471723,1
423425,1183617,1
423457,5906290,1
423510,4582587,1
423792,4839923,1
423871,2872657,1
424104,5416571,1
424146,2589420,1
424218,3083467,1
424516,2286868,1
424557,4311706,1
424574,1823459,1
424706,3545642,1
424897,2456145,1
425173,4715181,1
425227,5476614,1
425381,3517664,1
425387,5735630,1
425398,5854524,1
425418,2422800,1
425481,4923455,1
425523,2290106,1
425720,1321663,1
425775,4930777,1
425785,2990243,1
426086,5798538,1
426092,1262362,1
426289,5687797,1
426424,1144929,1
426512,2355988,1
426559,3467091,1
426704,5951866,1
426709,4734465,1
426801,1714718,1
427150,3483202,1
427303,2881957,1
427367,2822991,1
427389,4198393,1
427514,2566863,1
427546,3992984,1
427827,1003245,1
427882,3663689,1
427904,3452597,1
427974,4383418,1
428115,4955387,1
428171,4624121,1
428196,1395324,1
428199,5262369,1
428236,4983174,1
428311,3376806,1
428354,1091279,1
428409,2918212,1
428449,4875560,1
428709,2120274,1
428782,4068864,1
428825,2104320,1
428872,4577600,1
428899,1439070,1
428986,4257079,1
429601,3828322,1
429793,2105394,1
429991,3078973,1
430465,4120168,1
430500,1181923,1
430526,4654475,1
430821,5243966,1
430907,1590188,1
431040,4549993,1
431204,4122716,1
431356,5031508,1
431382,2948909,1
431446,3782584,1
431530,2895295,1
431588,4213665,1
431996,5011524,1
432153,1177063,1
432235,4141792,1
432298,5609963,1
432457,2775492,1
432615,2385572,1
432631,4351335,1
432648,5694840,1
432939,3232098,1
433169,2865188,1
433266,5051215,1
433388,1901763,1
433542,4561987,1
433582,5730123,1
433603,5656058,1
433825,5427149,1
434007,2920397,1
434214,4590162,1
434271,3834132,1
434309,5541780,1
434364,1996323,1
434670,1342353,1
434788,5751513,1
434801,4217156,1
434974,5513735,1
435131,2303309,1
435168,1412629,1
435382,2171118,1
435401,5349330,1
435522,3530074,1
435583,2452993,1
435649,5261933,1
435672,1388005,1
435808,2743988,1
436030,2973292,1
436286,5169420,1
436331,1626011,1
436376,4917867,1
436543,5794583,1
436651,5999594,1
436755,3818738,1
436778,5975765,1
436794,2638683,1
436935,3457242,1
437147,1672557,1
437777,5023559,1
437857,2978669,1
437976,3179203,1
438450,1678423,1
438677,3546566,1
438828,5817106,1
438839,5930074,1
438941,5353515,1
439233,3366120,1
439240,1857301,1
439248,3205811,1
439385,5304546,1
439604,1845881,1
439689,4365186,1
439703,2739847,1
439817,5366770,1
439858,3606720,1
439977,2051127,1
440150,4813525,1
440467,1345746,1
440880,4097639,1
440934,2461824,1
441601,1120584,1
441632,5336137,1
441678,3367948,1
441765,2602144,1
441766,4196631,1
441909,5961827,1
442175,5663057,1
442298,2693082,1
442397,4038902,1
442549,3772450,1
442873,2842505,1
442927,5417548,1
443059,3265173,1
443108,4872779,1
443508,2830496,1
443925,5414611,1
443956,2877019,1
443984,4634331,1
444106,5175573,1
444183,5642091,1
444229,4283315,1
444443,2337477,1
444462,3736929,1
444642,1029631,1
444645,5177051,1
444770,1960000,1
444831,3375282,1
444849,4149383,1
445175,3260715,1
445299,3478844,1
445322,1063856,1
445484,4734672,1
445582,5122654,1
445610,1756871,1
445634,4686717,1
445746,4565056,1
445775,4040735,1
446155,3550247,1
446237,2834768,1
446294,4423023,1
446338,3680972,1
446345,3973294,1
446390,5107683,1
446575,1430033,1
446761,5234689,1
446953,4838980,1
447163,1786752,1
447187,2621270,1
447215,4903613,1
447385,2720062,1
447389,1509779,1
447494,4757304,1
447575,5476522,1
447594,2926754,1
447656,5025096,1
447699,1603906,1
447737,3356494,1
448269,5395485,1
448331,4954249,1
448522,3638523,1
448649,4060339,1
448778,5496528,1
449019,1959359,1
449031,2805564,1
449074,1619074,1
449238,2102516,1
449275,3066604,1
449292,1563084,1
449545,2649258,1
449557,1330228,1
449574,1281323,1
449702,3429917,1
449719,2551425,1
449827,5874316,1
449857,1287603,1
450274,2490132,1
450281,2624854,1
450352,1724781,1
450423,3212979,1
450506,5656872,1
450700,1940471,1
450733,2089640,1
450819,5768557,1
450902,3179846,1
451076,1049710,1
451098,1709941,1
451191,3515347,1
451239,1573636,1
451243,5790549,1
451396,4995811,1
451414,2022735,1
451450,1634359,1
451474,3772306,1
451482,1077768,1
451530,2104703,1
451683,2393025,1
451720,5219908,1
451766,5519957,1
452141,1393484,1
452188,1545430,1
452193,2254645,1
452239,3304789,1
452267,5078030,1
452279,5065819,1
452426,3323681,1
452693,4913404,1
452746,3416653,1
452808,5564375,1
452906,3023857,1
453238,3452862,1
453303,3380655,1
453370,2337701,1
453401,2524284,1
453434,1931227,1
453842,2015569,1
453859,1637802,1
453931,1602107,1
454069,2076825,1
454483,4229468,1
454513,2269160,1
454539,5421140,1
454582,3811795,1
454692,2107434,1
455081,1676625,1
455111,2362236,1
455187,1525160,1
455254,4456621,1
455260,1068684,1
455371,2810012,1
455573,3218131,1
455683,2604062,1
455711,1015296,1
455745,3791956,1
455800,4900090,1
455853,1026995,1
456014,5896738,1
456160,1932013,1
456273,1251066,1
456543,1219544,1
456567,5719047,1
456653,2260049,1
456698,1794891,1
456783,4956376,1
456898,2348728,1
457094,4317124,1
457196,5103327,1
457229,5125746,1
457241,2679509,1
457280,5464825,1
457447,4520883,1
457514,3154013,1
457668,5243048,1
457723,5796694,1
457814,4155550,1
457823,3091389,1
457886,2979925,1
457898,1644005,1
457938,4486089,1
458063,5502117,1
458212,5094604,1
458369,1511653,1
458515,2498339,1
458553,1568331,1
458989,3399947,1
459241,5000569,1
459253,5486563,1
459537,1710855,1
459932,1950836,1
459943,1586922,1
460264,5156556,1
460473,2078075,1
460816,3387306,1
460841,2630792,1
460884,2333577,1
460941,5050804,1
461075,1554701,1
461118,4184879,1
461234,3883162,1
461249,1333408,1
461314,5881517,1
461617,5768116,1
461636,3588096,1
461725,3152306,1
461802,2345772,1
462115,2476046,1
462266,2054092,1
462290,3195884,1
462364,5472313,1
462429,2343575,1
462489,4821603,1
462681,5611804,1
462788,2733380,1
462804,1711660,1
462807,1594587,1
462952,2175338,1
462993,5524045,1
463015,4689839,1
463050,3535345,1
463293,4814971,1
463909,3751547,1
464024,2136815,1
464091,1378688,1
464230,2047652,1
464433,4046376,1
464554,3842678,1
464667,4155398,1
464764,5562816,1
464988,1529890,1
465029,4881799,1
465064,1709778,1
465103,4266466,1
465161,2657305,1
465237,3105570,1
465289,4976964,1
465312,4795697,1
465497,2190594,1
465579,5025536,1
465685,4016958,1
465690,1843721,1
465790,4046241,1
465813,2045731,1
465883,5380633,1
465952,2588739,1
466001,3459680,1
466621,2121826,1
466688,2479741,1
466728,2132511,1
466757,5260133,1
466852,1073047,1
466895,4551766,1
467064,3899255,1
467192,2252430,1
467197,3542748,1
467254,5892373,1
467296,5389608,1
467301,4501221,1
467594,1095304,1
467931,1289582,1
467968,1390726,1
468040,2096568,1
468089,1928293,1
468110,5789562,1
468136,5528941,1
468249,2041451,1
468294,5487883,1
468402,1471265,1
468623,4703783,1
468725,3856044,1
468879,1460087,1
469135,3157047,1
469136,3910289,1
469153,2835376,1
469255,4990174,1
469332,4619408,1
469487,3639469,1
469705,4062730,1
469948,1586770,1
470401,4645378,1
470527,5238441,1
470705,4969200,1
470711,4548371,1
470768,2491335,1
470871,1270550,1
470992,2615126,1
471025,1282265,1
471091,5930038,1
471109,4568046,1
471157,5791327,1
471238,5350551,1
471594,2743304,1
471608,1942788,1
471647,4555949,1
471770,1270687,1
471848,1631030,1
471856,1306203,1
471947,2397790,1
472325,3491324,1
472382,5899749,1
472403,3267467,1
472493,1332125,1
472495,2452065,1
472520,1884221,1
472561,5766529,1
472661,4344385,1
472733,5492322,1
472836,3870343,1
472879,1441283,1
473026,5512679,1
473296,3463340,1
473440,4335843,1
473492,5334384,1
473911,4095921,1
474174,1318774,1
474373,4409484,1
474402,5405371,1
474491,1227437,1
474595,3834517,1
474608,5120332,1
474661,1441813,1
474812,2787997,1
475007,2432681,1
475012,3173848,1
475203,4284079,1
475312,4995327,1
475333,5787579,1
475411,2979561,1
475548,4638951,1
475612,5405699,1
475771,5319287,1
475883,1184954,1
475932,1406749,1
475956,5891428,1
476063,2420770,1
476076,5833018,1
476171,4303410,1
476187,1150077,1
476204,3411131,1
476391,1973526,1
476713,4883350,1
476889,5392710,1
476929,4465877,1
476990,1433766,1
477108,1598438,1
477129,3015686,1
477274,5465464,1
477616,4187512,1
477617,5109046,1
477680,4619130,1
477977,4218081,1
477993,4393384,1
478035,3945615,1
478049,1663219,1
478191,3008374,1
478471,5861078,1
478629,2221306,1
478638,1616110,1
478721,5592108,1
478897,5407292,1
479094,2031018,1
479172,1224310,1
479253,1132014,1
479390,4267295,1
479451,1255760,1
479464,3635035,1
479531,3247391,1
479858,3490077,1
479860,1050906,1
479948,2645257,1
480040,4698801,1
480194,1903099,1
480253,5126362,1
480280,2463157,1
480322,4028150,1
480354,5000167,1
480361,3155130,1
480571,3329052,1
480614,4511583,1
480799,5352381,1
480921,3143172,1
480930,2725939,1
480992,1113401,1
480996,1568609,1
481251,3562635,1
481296,5714744,1
481308,2736858,1
481388,4270541,1
481401,4550372,1
481578,4213294,1
481651,3088800,1
481656,1808368,1
481844,1474675,1
482291,1035809,1
482319,1920612,1
482441,1749678,1
482452,1971730,1
482525,1045572,1
482572,2653415,1
482689,3584532,1
482741,1528249,1
482754,3656497,1
482796,3035473,1
483095,1342260,1
483190,4668952,1
483239,3947386,1
483248,4525008,1
483385,2693885,1
483401,3314646,1
483412,2840307,1
483415,1691798,1
483427,4186381,1
483453,5759862,1
483553,2780692,1
483612,2626343,1
483843,5913084,1
483937,5988865,1
484408,4077262,1
484463,4687538,1
484557,1862331,1
484606,1010949,1
484756,1663562,1
484913,5228038,1
484931,2474780,1
484934,5554853,1
484992,2552060,1
485008,4737544,1
485140,3911867,1
485446,3092150,1
485550,3358874,1
485572,4060482,1
485648,3417164,1
485691,4654633,1
485715,1835206,1
486194,4740236,1
486334,3188618,1
486400,3218675,1
486556,3587613,1
486570,3100469,1
487264,1977313,1
487318,4900166,1
487460,4212420,1
487594,2058050,1
487605,1724774,1
487631,4476450,1
487712,3848162,1
487760,5774436,1
487881,6025367,1
487975,5225819,1
488270,2352861,1
488282,4865245,1
488313,3614068,1
488352,3899752,1
488531,2757654,1
488611,4399514,1
488824,5012881,1
488914,4490894,1
489050,2177742,1
489082,5679966,1
489126,2671865,1
489150,1036832,1
489335,1968191,1
489340,4258966,1
489490,3983935,1
489630,3157144,1
489716,5034491,1
489742,2386324,1
490106,1117673,1
490269,5986743,1
490329,4400000,1
490394,2512343,1
490457,2646334,1
490508,5046269,1
490513,4571185,1
490619,5715707,1
490624,4040793,1
490638,4221293,1
490712,1031126,1
490725,3494414,1
490745,4667248,1
490922,3129297,1
490924,4234119,1
491103,3734600,1
491178,3038852,1
491200,4017046,1
491331,5170805,1
491339,3407056,1
491540,1090411,1
491672,5443445,1
491750,5541878,1
491752,1005936,1
491754,3677014,1
492032,5481025,1
492210,3638836,1
492583,1135640,1
492709,1687552,1
492711,1635756,1
492721,4737409,1
492931,3357513,1
493199,5391653,1
493326,4447078,1
493355,4903316,1
493515,4068873,1
493664,5963757,1
493783,1967069,1
493824,5747612,1
493843,5480430,1
493953,4288393,1
493973,1297622,1
493982,5287685,1
493986,1117478,1
494021,5263321,1
494677,5330220,1
494861,1344038,1
494863,5787565,1
494885,4041568,1
495058,3871440,1
495094,5408505,1
495171,5923854,1
495239,3049596,1
495328,4386240,1
495352,5882588,1
495467,1297087,1
495530,5474172,1
495557,4434562,1
495824,4684738,1
495875,5887160,1
496552,3009431,1
496621,3004241,1
496639,4927612,1
496843,2379959,1
497027,5157845,1
497033,3005111,1
497073,1664712,1
497139,5473950,1
497496,4128452,1
497584,2596806,1
497678,3124534,1
497815,3167591,1
497888,1917396,1
497907,5987384,1
497950,2453680,1
498226,1425667,1
498268,4210556,1
498295,5395418,1
498309,4074654,1
498911,4876397,1
499313,1449914,1
499362,1662448,1
499425,3673649,1
499540,4666987,1
499600,1594307,1
499692,2397133,1
499833,1469667,1
499938,4256314,1
499987,4597170,1
500081,5806627,1
500574,5301564,1
500614,4715493,1
500659,5953206,1
501178,3873551,1
501179,3896205,1
501209,1967943,1
501387,4555825,1
501520,2423145,1
501539,6021297,1
501551,3094234,1
501587,5009563,1
501600,6024145,1
501789,3093286,1
501977,3760195,1
502010,3939961,1
502226,2215660,1
502255,5612713,1
502333,6022397,1
502391,5011216,1
